dijkstra_mod,med
100,78,26
0,29,0.54,16,0.55,2,2.08,57,0.42,21,2.0,75,4.51,69,1.14,89,0.23,82,1.78,22,0.25,5,0.13,81,0.0
1,26,1.43,27,0.61,45,1.44,14,1.36,4,2.08,88,2.86,37,2.03,29,3.02,10,0.41,18,0.1,35,0.45,43,0.06,48,0.95,38,3.16,86,0.04,19,0.32,49,0.33
2,8,2.57,78,3.02,30,0.87,70,1.84,12,0.4,34,2.44,91,0.34,67,1.07,10,0.53,71,0.97,87,1.26,95,1.55,81,0.0,64,0.79,83,0.95,7,0.93,47,0.66,13,0.52,76,0.34,75,0.57,55,0.01,6,0.32,60,1.05,36,1.51,9,0.03,14,1.1,41,1.76,38,0.36,11,0.38
3,68,0.17,46,0.44,22,1.21,14,0.34,76,0.42,64,0.18,90,0.6,71,0.08,48,0.92,20,0.91,59,4.07,62,0.17,11,0.12,60,1.62,30,0.65,36,1.19,93,0.59,21,0.33,13,0.44,4,0.08,25,0.54
4,51,0.26,88,0.01,27,0.82,24,1.36,33,1.55,8,1.11,25,0.46,83,0.08,81,2.75,6,0.22,78,0.2,49,0.35,18,0.11,67,0.12,91,2.62,10,2.33,22,0.98,39,0.79,35,3.74,29,3.24,3,1.13,56,1.11,47,0.22,43,0.55,41,0.45,79,1.12
5,50,1.15,18,0.09,78,0.48,36,0.56,96,0.7,51,0.71,94,0.93,84,1.3,56,0.13,29,4.87,80,0.83,42,0.8,98,1.21,74,0.24,45,1.3,48,1.15,85,1.68,25,4.17,9,4.43,79,0.58,68,0.03,87,1.91,10,1.24,35,0.54
6,90,1.39,95,0.8,91,0.85,99,1.51,63,1.86,43,0.4,78,0.29,54,0.91,42,0.76,49,0.14,51,0.02,38,0.71
7,59,1.72,56,1.8,6,1.01,93,0.73,8,0.72,18,1.15,71,1.49,35,0.43,38,1.24,88,0.23,19,0.09,32,1.11,50,1.78,72,0.82
8,44,1.19,76,0.51,34,0.65,28,0.89,55,0.11,81,0.46,42,0.4,21,0.04,22,0.37,74,0.51,94,0.35,11,1.68,64,0.16,57,1.79,98,1.14,7,0.73,71,0.18
9,71,1.35,62,0.49,17,1.52,40,0.45,60,0.61,10,1.21,22,1.77,23,0.68,33,1.61,15,0.67,59,1.11,51,0.82,0,0.34,63,0.99,43,0.88,34,0.1,78,0.17,18,0.24,26,0.42,39,0.04,88,0.21,85,2.96
10,55,0.17,39,0.56,36,2.01,9,0.26,20,0.01,99,1.03,73,3.12,59,2.26,80,0.48,49,0.48,86,1.08,5,0.29
11,97,2.07,36,0.49,42,2.19,93,0.06,47,4.47,18,1.43,52,2.39,95,0.6,23,0.57,1,0.11,82,2.33,10,1.94,26,0.5,0,1.55,7,2.14,55,0.57,98,1.39,87,0.1,32,0.5,61,1.28,94,0.79,65,2.1,63,0.73,99,0.05,64,0.18
12,8,0.58,2,1.85,57,0.01,51,0.53,56,0.27,28,1.21,26,1.13,90,1.59,53,5.62,34,0.0,1,1.79,85,1.68,17,1.12,13,1.52,45,0.22,47,0.01,15,0.28
13,8,0.83,24,0.0,28,0.94,25,0.64,77,0.59,71,0.61,22,1.2,44,0.91,3,0.9,95,0.42,43,0.15,29,0.23,58,1.12,47,1.78,54,0.07,85,1.06,15,0.37,78,2.5,9,0.56,99,0.18,92,0.46,19,3.61,56,1.42,65,0.4,35,1.46,7,0.23,59,1.69,87,0.7
14,60,0.69,95,2.65,82,0.18,10,0.22,35,1.75,51,1.08,1,0.96,88,0.83,0,1.82,37,0.06,77,1.42,32,0.37,24,1.94,76,0.88,93,0.48,21,0.27,48,0.65,4,3.29,97,0.61,45,1.25,59,0.37
15,55,0.01,46,0.63,7,0.5,44,0.71,9,1.14,93,0.07,89,0.59,64,0.19,68,1.58,29,0.25,54,5.18,81,0.31,58,0.96,35,0.23,79,0.26,90,0.45,5,0.39,38,0.06
16,64,1.32,78,1.79,99,0.24,47,1.68,8,0.6,49,0.19,57,0.91,94,0.01,13,0.51,30,0.91,34,0.39,40,1.77,82,0.23,75,2.27,83,0.05,70,0.4,10,0.88,68,0.03,95,0.07,53,1.13,96,1.96,20,0.1
17,57,0.07,68,1.01,2,0.26,58,0.75,20,0.43,29,1.24,80,0.49,72,2.74,6,0.29,37,0.51,67,1.67,95,0.36,22,0.6,99,1.73,45,2.02,70,0.93,41,2.15
18,9,1.37,59,1.96,76,0.57,56,0.05,11,0.09,71,2.14,61,0.5,93,0.37,66,2.92,79,0.22,38,0.84,14,1.17,12,0.39,70,0.3
19,50,1.25,71,2.5,6,0.13,68,0.11,96,0.35,70,0.61,17,2.42,30,0.98,0,0.66,2,0.44,64,1.23,75,2.94,63,0.49,45,0.13,10,0.14,98,0.61,36,2.72,97,0.62
20,29,0.4,48,0.27,65,1.16,23,0.68,54,0.84,51,0.52,44,1.12,52,0.01,5,0.42,6,0.04,97,0.79,38,0.7,3,1.35,28,0.5,4,0.31,66,0.21,12,0.67,98,0.07
21,76,2.81,10,4.12,32,1.24,73,1.39,31,1.63,2,6.04,85,0.02,70,1.52,93,2.69,78,2.02,3,0.9,66,2.63,35,0.93,96,1.99,13,0.38,77,0.51,55,0.91,57,0.43
22,60,0.14,9,1.75,1,0.37,56,0.84,28,1.28,24,0.2,53,0.67,46,1.17,57,0.3,3,0.62,12,0.69,68,0.21,7,0.08,23,0.31,87,0.14,40,0.4,48,1.61,35,3.64,16,1.68,58,1.2,67,1.42
23,39,0.5,55,0.0,35,1.8,18,0.02,10,2.06,54,0.16,7,0.19,46,0.67,16,0.17,28,1.08,74,1.07,37,1.33,40,0.0,48,0.73,94,0.23,38,5.2,25,0.7,2,0.55,64,3.17,75,1.26,26,0.06,61,0.32,91,0.3,69,1.47,27,2.43,63,2.02
24,19,0.23,36,2.03,31,1.11,33,1.55,59,0.02,96,1.22,50,0.92,20,0.78,71,0.16,52,0.2,9,1.6,47,0.33,8,0.7,10,1.79,22,1.21,43,3.51,16,0.08,4,1.22,61,0.46,94,0.48,66,0.01,48,1.25,86,0.02
25,74,0.18,62,0.14,47,0.84,16,0.63,0,1.27,98,1.29,40,2.15,72,0.31,70,1.74,64,0.6,51,0.18,1,0.2,2,0.27,46,0.31,67,0.78,80,0.9,44,0.67,18,0.38,39,1.19,60,0.06
26,68,1.31,35,0.41,62,1.62,41,2.44,9,3.03,25,0.94,81,0.37,57,0.8,72,0.22,94,1.54,6,0.29,82,1.86,98,0.8,75,0.05,87,0.52,53,0.3,1,0.01,31,0.11
27,72,1.33,59,0.14,73,0.82,31,0.52,60,0.04,58,0.97,24,0.05,5,0.91,61,0.22,90,0.23,19,0.24,0,1.2,40,0.08,8,0.52,1,0.8,34,0.82,22,1.09,39,0.95,79,0.37,16,0.15
28,49,0.13,17,3.46,99,0.15,96,2.37,42,0.08,50,0.09,87,0.59,5,0.33,34,0.74,51,1.69,21,0.26,64,0.77,23,2.34,29,0.66,85,1.66,3,4.44,78,0.38,57,3.08,4,1.27,68,0.43,8,0.28
29,37,0.89,93,1.1,96,0.75,6,0.33,83,1.73,10,0.11,87,2.86,0,0.51,56,0.94,52,0.5,64,0.16,59,6.03,44,0.27,42,0.0,31,2.58,2,1.63,98,0.21,8,2.26,47,2.03,19,0.01
30,12,0.18,94,5.51,1,1.4,33,1.45,18,0.5,64,0.95,9,2.08,92,0.34,22,3.51,99,0.31,42,1.93,41,2.06,67,2.2,78,1.42,43,0.89,93,0.07,40,1.48,91,1.06
31,29,0.4,61,0.4,63,0.55,98,0.23,20,1.18,37,2.45,49,0.89,46,2.8,14,0.91,90,0.53,47,0.43,34,0.73,81,3.02,7,0.04,56,0.84,64,0.48,5,1.47,43,1.05,38,1.42
32,58,1.93,77,0.21,40,0.15,8,0.86,65,0.08,0,0.65,80,1.27,81,2.81,45,1.38,83,0.09,56,0.71,11,0.07,51,0.18,21,3.52,46,1.25,36,0.21,25,0.09,64,0.67,9,0.4,90,0.78,19,0.31
33,27,0.73,72,0.03,71,1.1,9,0.74,67,0.4,99,1.43,85,0.31,66,0.52,69,2.04,93,0.3,80,0.51,89,0.87,41,1.18,2,5.73,62,1.22,26,0.73,81,0.03,59,0.53,10,0.74,22,0.14,23,1.94,61,2.19,51,0.31
34,11,0.77,94,3.17,61,1.77,49,0.01,68,0.35,95,2.42,67,1.1,82,1.15,14,1.8,27,1.2,4,0.48,96,0.33,87,1.87,51,3.49,0,1.74,84,2.73,31,0.12,22,0.41,24,2.57,62,0.68,3,0.17,64,0.39,74,0.32,38,0.46,5,3.98,88,1.76,6,2.09
35,76,0.08,48,0.74,12,1.2,58,0.38,65,0.98,74,0.07,20,2.54,91,0.14,15,0.11,72,1.19,9,2.12,28,2.78,36,0.15,45,0.17,52,2.33,55,0.6,63,0.08,46,2.62,23,0.95
36,29,0.79,64,1.49,55,1.04,85,0.16,58,1.98,71,0.5,80,0.38,82,1.99,44,0.48,91,1.17,51,0.28,40,0.51,9,0.71,12,0.5,28,0.98,77,0.2,32,0.8,23,0.56,20,1.39,41,0.9,4,2.81,54,0.62,6,0.03
37,2,0.1,38,1.07,28,1.06,56,0.51,90,4.49,47,3.48,67,0.31,32,0.79,94,0.36,49,0.98,70,0.44,13,1.69,59,0.72,35,0.79,91,0.72,41,4.28
38,52,0.07,71,0.62,19,1.09,18,0.6,87,0.42,12,0.56,92,1.53,20,2.71,59,1.82,86,0.72,69,0.28,3,0.64,78,0.57,67,0.78,53,1.58,47,0.68,4,0.01,23,3.05
39,0,0.81,95,0.12,79,1.7,13,0.1,93,1.55,75,0.56,54,0.71,15,1.84,87,0.28,20,0.13,22,0.37,33,0.51,70,0.06,58,0.12,17,0.33,26,0.0,41,2.17,4,1.9,98,0.97,44,0.55,23,0.18,29,0.15,63,1.76
40,23,0.65,35,1.44,98,0.05,92,0.16,61,0.52,83,0.91,89,4.15,5,1.4,54,0.05,57,2.0,33,0.08
41,22,1.83,31,0.34,43,0.59,63,0.58,34,2.24,5,0.32,37,0.24,88,0.52,1,0.81,64,0.54,28,0.12,35,2.22,76,0.02,6,0.65,56,1.29,15,1.43,23,0.22,18,1.92,83,0.18,9,0.07,89,0.39,10,0.55,54,1.14,30,2.58,4,0.34,45,0.27,86,0.37,80,0.65
42,80,1.54,49,0.36,78,1.77,22,0.49,9,0.35,32,1.55,11,2.61,63,3.56,17,0.05,46,4.52,20,0.99,15,2.21,73,0.35,12,0.58,10,0.22,27,1.09,81,0.31,43,1.25,89,0.03,82,0.43,95,2.3,7,1.09,56,1.24,79,3.99,45,0.74
43,24,0.02,19,1.59,2,3.46,60,0.36,47,0.39,0,0.44,88,0.43,18,0.16,27,0.31,37,0.24,87,0.75,12,0.28,41,0.09,10,0.68,89,0.1,29,2.92,82,0.67,93,0.58,52,0.12,55,0.35,76,0.31,66,0.23,97,0.73,92,0.68,78,2.49,62,1.71
44,93,2.95,72,0.12,73,2.35,91,2.73,32,1.15,15,1.66,5,0.6,33,0.71,99,0.37,54,0.48,64,1.2,56,2.42,30,1.77,16,1.15,40,0.1,67,0.07,50,0.04,28,0.84
45,2,0.1,64,2.23,29,0.78,27,0.24,4,1.79,48,0.16,11,0.89,78,1.91,53,3.33,89,1.32,13,1.08,30,1.12,72,1.39,42,0.98,36,0.9,94,0.2,71,0.39,51,0.76,50,0.61,38,1.04
46,23,0.22,55,1.74,5,0.05,86,1.95,7,0.55,99,0.26,47,0.74,94,0.54,10,0.06,88,0.12,81,0.93,60,0.49,11,0.2
47,26,1.39,60,1.13,63,0.05,85,1.16,39,2.44,90,1.5,64,0.3,55,0.77,51,0.03,52,1.5,73,0.73,77,0.68,99,0.1,30,0.08,54,2.46,68,0.72,34,0.03,86,0.12,81,2.32,66,0.27
48,20,0.07,70,0.09,63,3.29,47,0.06,68,0.86,82,1.21,76,2.94,86,0.59,81,1.09,46,0.64,98,3.52,91,0.23,64,2.44,51,1.37,34,2.56,83,0.09,13,0.39,67,1.01,95,1.88,26,0.3,39,0.36,50,0.11
49,22,0.58,40,1.17,77,0.18,19,1.55,91,3.53,53,0.23,57,0.2,10,0.3,48,0.79,76,0.69,84,0.53,4,0.6,85,0.94,3,0.53,78,0.29,18,0.13,65,0.37,61,0.14,75,0.2,50,0.3
50,20,1.12,23,0.01,7,0.0,98,0.37,48,3.56,57,0.2,88,0.7,64,0.1,8,0.13,54,1.04,94,5.27,14,1.66,59,3.79,99,1.92,90,0.33,91,1.33,70,1.61,75,2.7
51,79,0.84,90,0.19,93,0.02,94,1.27,85,1.78,77,0.01,95,0.73,99,1.67,31,1.34,80,2.46,91,1.72,8,0.56,78,2.71,46,2.51,64,2.29,56,2.26,48,0.35,35,1.37,16,2.64,42,0.36,21,0.31,36,0.45,38,0.01,17,0.72,49,0.31,84,0.67,71,3.02,55,0.91
52,98,0.13,72,2.31,68,0.6,43,0.76,84,1.35,18,0.02,17,2.53,87,1.33,57,1.82,14,0.07,89,0.19,11,0.59,63,0.04,33,0.61,28,1.01,46,0.66,85,1.31,24,1.14,90,0.57,64,1.64,38,0.38,55,3.04,54,3.08,27,0.39
53,44,0.62,58,1.68,55,0.68,91,0.0,71,0.07,86,1.02,67,2.67,88,0.46,23,0.26,24,0.28,15,0.11,48,0.43,85,0.06,8,1.8,10,0.51,57,0.51,65,0.77,60,0.06
54,80,1.1,61,1.06,56,0.23,44,1.57,18,1.42,68,1.2,51,1.42,20,0.53,78,1.2,62,0.63,47,1.87,77,1.41,74,1.26,25,0.77,38,0.14,96,0.1,82,0.31,0,0.98
55,33,1.74,81,0.26,54,3.02,93,0.49,97,1.96,32,1.3,71,0.59,78,0.05,26,0.09,40,0.01,70,1.94,82,0.45,6,1.68,90,1.08,85,1.45,4,1.27,45,0.22,87,1.1,83,0.58
56,77,2.32,41,2.12,93,2.17,67,0.05,48,0.51,92,0.15,91,1.91,50,0.83,51,0.54,65,1.3,40,0.53,76,1.0,45,2.8,11,0.92,5,1.46,3,0.69,71,0.38,19,1.12,17,0.01,18,0.05,89,3.07,14,1.71
57,54,2.55,64,0.25,62,0.03,80,0.01,26,0.39,91,1.58,67,1.6,14,0.06,37,0.86,0,0.39,27,0.84,94,2.79,73,0.23,92,0.5,90,1.57,96,0.03,99,0.11,79,0.51,35,0.19,59,0.6,42,0.36,53,0.23,45,2.28,44,0.45,20,0.57
58,50,0.49,46,0.23,69,1.83,56,0.1,52,0.52,92,0.58,54,1.42,82,2.97,68,0.83,18,0.26,10,0.49,14,0.38,29,0.69,35,0.06,16,1.45
59,34,2.68,11,0.01,94,2.59,82,1.7,18,0.19,56,0.57,6,0.34,26,1.13,51,0.31,62,0.53,99,0.87,68,0.84,2,0.48,19,0.99,31,2.44
60,18,0.73,84,0.28,11,0.52,98,0.31,52,0.02,32,1.57,37,0.9,53,1.78,81,2.02,86,0.93,82,0.46,40,1.35,55,1.35,75,1.8,87,1.15
61,19,1.79,48,0.54,43,0.11,94,0.47,77,0.84,64,1.3,13,0.81,39,0.33,74,0.7,84,0.0,72,0.26,93,0.68,42,1.25,20,0.52,95,1.08,41,0.47,68,0.38,38,0.68,53,0.27,89,0.73
62,44,0.09,73,0.24,3,1.16,84,1.33,78,0.68,18,1.37,24,0.71,43,1.97,63,1.18,74,0.97,69,0.0,30,0.01,2,0.06,77,3.27,55,0.91,12,0.29,72,0.81
63,18,0.25,89,4.22,0,0.42,80,0.97,24,0.18,58,5.66,93,0.38,33,1.79,83,1.13,27,0.22,86,0.66,79,2.85,81,3.71,36,0.26,14,1.72,31,1.21,39,1.06,10,0.33,77,2.05,84,0.02,61,1.97,23,0.12,22,0.92,32,0.39
64,68,1.43,84,0.15,60,0.02,37,3.45,16,0.16,25,0.84,40,0.5,71,0.27,9,1.26,98,0.5,39,0.01,42,3.09,95,0.73,30,1.03,50,1.49,83,1.22
65,61,0.55,68,0.78,77,0.15,16,1.54,99,0.05,40,1.21,0,0.19,70,1.73,88,0.32,9,0.52,19,1.33,43,2.32,90,0.08,66,3.42,80,1.25,69,1.79,54,2.37,83,0.49,26,1.2,48,1.07
66,77,0.04,73,0.63,44,4.83,30,0.14,21,0.81,51,0.25,52,0.38,13,0.57,62,0.28,18,1.12,37,1.17,7,0.65,34,0.1,80,0.77,87,0.14,89,1.49,33,1.76,55,0.68,41,0.42,17,0.48,97,0.91
67,99,0.41,39,0.24,93,1.3,81,0.48,22,1.18,14,0.64,64,0.06,69,0.85,50,0.63,40,1.41,97,1.01,11,0.25,91,0.08,6,0.09,98,2.93,36,0.83,31,0.38,32,0.26,30,0.33,58,0.3,16,0.22
68,42,0.51,91,0.52,43,4.35,94,0.57,93,0.9,98,0.76,87,0.28,59,1.79,19,1.76,14,2.52,11,2.34,88,0.67,7,0.3,86,0.27,21,2.63,95,1.08,47,0.77,63,0.35,97,0.02,16,0.74,9,0.24,58,1.22,41,0.38,48,0.23,46,0.62,38,1.08,73,0.4
69,41,2.99,62,0.06,96,0.06,22,2.01,44,0.89,93,2.03,78,0.52,57,0.3,25,0.64,70,0.76,2,1.66,49,1.9,31,1.16,6,1.39,52,0.4,4,1.06,40,0.3,90,0.53,94,0.41,82,0.64,83,1.74,85,1.42,86,0.11,43,0.16,91,0.21,56,3.28,28,0.26,58,1.29,10,0.28,9,1.38,11,1.15,1,0.08,63,0.63,42,0.38
70,81,0.55,29,0.0,0,0.3,14,2.25,58,0.79,43,0.45,4,0.25,36,1.31,82,0.13,13,2.96,84,0.35,34,0.92,69,0.54,47,0.08,18,0.06,49,1.47,38,1.95,95,0.4,88,1.07,57,0.65,91,1.7,72,0.63,55,0.85,1,0.53
71,73,0.14,42,1.04,10,2.01,89,1.31,30,0.5,0,0.57,41,0.82,46,0.23,54,1.58,52,1.97,99,0.74,29,0.75,86,0.19,20,0.37,63,0.56,80,2.12,56,0.64,88,0.09,75,0.18,5,0.13,68,0.55
72,60,0.08,43,0.02,37,0.55,61,1.02,50,0.48,59,0.3,63,0.28,79,0.2,0,1.61,6,0.15,47,0.06,74,4.11,39,0.72
73,24,0.02,89,3.85,46,0.11,36,0.65,11,0.16,68,1.37,77,1.64,67,1.51,0,0.59,25,0.85,28,0.13,86,0.4,30,0.46,84,0.46,65,1.84,75,1.49,99,0.8,20,0.12
74,68,0.53,62,0.85,31,0.53,20,7.35,5,1.13,90,0.65,98,1.54,57,0.36,41,0.68,25,0.24,26,0.22,4,1.49,37,1.26,51,1.26,1,0.16,81,1.58,69,0.61
75,31,0.47,99,0.11,38,4.08,84,0.27,6,0.68,74,0.1,15,1.25,5,0.53,17,1.7,65,0.16,93,0.17,43,0.88,72,0.61,26,0.09,69,1.81,21,0.95,30,0.61,83,2.1,4,0.56,36,0.86,67,1.27,71,0.44,52,1.38
76,53,0.03,3,0.36,66,0.89,38,1.07,64,0.56,59,0.96,39,1.05,42,3.45,67,1.23,85,0.26,23,2.29,10,0.59,15,1.6,36,0.7,84,0.73,95,0.7,51,0.73,22,0.43,73,0.05,13,0.25
77,46,0.99,10,0.47,21,2.28,22,3.36,47,0.19,40,0.37,91,2.4,71,0.12,56,1.39,98,0.2,66,3.74,41,0.79,7,1.34,48,3.09,60,1.16,64,0.13,88,0.38,35,1.63
78,94,0.07,57,1.03,74,0.11,91,0.84,73,1.54,1,1.08,54,0.47,22,0.48,40,0.32,60,0.82,9,2.96,29,2.32,97,0.94,79,0.03,64,1.95,26,0.7
79,76,0.87,92,0.68,35,1.94,49,0.45,73,1.56,41,0.1,34,1.53,87,4.91,40,2.07,61,0.31,10,2.86,20,1.09,83,3.9,84,0.1,25,1.19,63,0.08,13,1.01,68,0.01
80,2,1.1,68,0.55,19,1.56,28,0.46,62,0.02,52,0.16,36,0.15,5,0.28,42,1.22,35,2.37,99,0.46,39,0.26,69,0.13,72,2.13
81,49,0.0,77,2.12,8,0.55,80,0.69,53,1.21,5,0.14,87,0.14,37,2.18,61,0.07,15,0.84,59,0.22,69,1.28,65,2.36,95,1.06,89,0.02,28,2.05,91,1.8,29,2.9,58,0.16,83,3.4,70,1.64,55,0.33
82,16,0.05,49,0.52,98,0.2,62,0.82,94,0.73,96,1.05,0,0.42,2,1.73,20,0.32,13,0.34,18,0.39,97,0.06,55,0.25,51,1.78,26,0.65,28,0.9
83,4,0.39,10,0.47,40,2.17,17,1.34,80,2.29,34,0.99,35,0.09,15,0.44,41,3.92,2,1.71,64,1.98,57,0.86,56,0.6,12,1.31,94,0.13,31,2.06,60,0.1,32,1.16
84,73,0.14,20,0.49,94,0.36,19,1.59,12,0.48,88,1.85,18,1.18,62,0.61,36,0.03,30,0.39,29,0.74,86,0.9,51,0.36,41,0.27,28,0.75,37,1.19,32,0.01,68,3.22,33,0.01,97,0.51,34,0.56
85,22,2.07,82,0.25,91,1.5,5,1.2,44,0.4,35,0.16,97,2.66,88,0.19,63,0.0,96,0.65,9,0.91
86,58,0.41,83,0.17,3,0.73,77,0.57,40,0.56,45,1.5,7,0.96,81,0.46,47,3.29,57,0.42,6,1.26,74,2.05,20,0.25,22,0.65,99,0.03,39,1.54,43,1.86,80,0.53,14,0.41,90,0.51,79,0.01,48,4.38,62,0.44
87,10,0.65,89,0.15,41,0.89,36,0.64,94,0.86,90,0.03,66,0.25,25,0.24,16,0.57,6,1.89,8,1.15,67,2.05,78,0.34,34,0.89,83,0.57,52,0.23,77,0.01,38,0.24,46,0.27,96,0.38,53,0.97,23,0.14,30,1.85,44,0.13
88,93,0.23,54,1.19,3,0.49,83,0.96,64,3.51,1,1.4,74,0.55,99,1.07,41,1.43,2,1.42,96,0.11,57,1.08,56,1.6,40,0.83,79,1.0,98,0.25,97,3.04,7,0.72,26,0.87,49,2.52,53,1.84,87,0.41,10,0.81,25,0.13,62,2.36,63,1.26
89,34,0.39,26,0.12,54,1.93,52,1.94,10,0.2,49,0.32,14,1.1,84,0.91,65,1.52,41,0.7,63,2.07,25,1.04,7,0.53,9,1.4,50,1.22,38,2.81
90,85,2.43,72,1.68,37,0.44,91,0.89,11,0.16,50,3.28,20,2.48,45,1.65,57,0.21,61,0.16,95,0.17,22,0.69,39,0.15,78,0.81,7,0.88,10,0.75,65,0.93,6,0.07,33,3.06,38,0.34,77,0.82
91,3,1.25,72,1.53,93,0.08,70,1.44,97,0.48,14,0.42,31,1.87,9,2.17,13,0.24,71,0.08,65,2.85,41,0.42,57,0.67,17,1.01,47,0.45,54,0.88,89,0.34,66,2.18,18,0.35,28,1.06,79,0.61,58,1.29,96,1.48,90,1.78,1,0.23
92,24,0.16,29,0.77,96,0.03,55,0.26,90,0.92,75,1.96,41,0.16,53,0.6,6,0.34,84,0.34,3,0.88,30,0.79,74,0.42,32,0.74,26,0.17,33,0.3,7,0.36,78,1.05,98,1.0,39,0.15,71,3.97,46,0.38,65,1.48,35,4.77
93,21,0.12,96,0.97,89,1.16,45,0.18,82,0.15,73,0.51,17,0.08,99,0.63,10,0.1,11,0.67,32,1.2,40,0.08,57,0.25,7,1.36,74,0.93,86,0.67,76,1.34,19,1.52,46,1.54
94,93,1.83,42,1.23,5,0.25,28,0.74,38,0.55,84,0.54,26,0.39,46,0.84,80,2.38,82,2.14,39,0.08,11,3.34,63,1.15,67,1.35,70,0.57,34,0.46
95,20,0.95,98,0.46,1,2.67,63,0.15,17,2.98,11,1.22,73,3.49,5,0.75,26,0.25,47,1.78,94,0.4,68,0.05,10,0.79,16,0.02,31,0.06,49,1.95,9,0.42,39,3.62,13,0.81,69,0.84,77,0.2,91,1.38,75,0.21,24,0.37
96,1,1.18,69,0.2,51,1.32,98,0.31,63,0.82,72,1.3,47,0.53,54,3.58,33,0.39,3,1.32
97,90,2.17,15,0.87,11,0.39,56,1.29,57,2.09,44,0.01,93,1.18,23,0.67,81,1.19,33,1.22,9,0.15,53,0.19,68,0.67,41,0.06,37,0.91,6,7.37,88,0.24,85,0.12,70,0.1,22,0.81,54,1.64,35,0.23,30,0.08,59,0.18
98,85,0.03,88,1.28,14,0.11,26,2.67,67,0.73,96,4.22,94,1.27,13,1.63,64,0.3,27,1.43,91,3.53,0,0.44,58,0.17,8,0.05,33,0.25,77,1.31
99,48,1.6,49,1.55,82,0.75,85,1.13,7,1.13,12,0.01,23,1.95,17,1.11,64,0.09,50,0.11