dijkstra_mod,connected_binary_trees
4094,0,2047
0,1,1,2,1
1,3,1,4,1
2,5,1,6,1
3,7,1,8,1
4,9,1,10,1
5,11,1,12,1
6,13,1,14,1
7,15,1,16,1
8,17,1,18,1
9,19,1,20,1
10,21,1,22,1
11,23,1,24,1
12,25,1,26,1
13,27,1,28,1
14,29,1,30,1
15,31,1,32,1
16,33,1,34,1
17,35,1,36,1
18,37,1,38,1
19,39,1,40,1
20,41,1,42,1
21,43,1,44,1
22,45,1,46,1
23,47,1,48,1
24,49,1,50,1
25,51,1,52,1
26,53,1,54,1
27,55,1,56,1
28,57,1,58,1
29,59,1,60,1
30,61,1,62,1
31,63,1,64,1
32,65,1,66,1
33,67,1,68,1
34,69,1,70,1
35,71,1,72,1
36,73,1,74,1
37,75,1,76,1
38,77,1,78,1
39,79,1,80,1
40,81,1,82,1
41,83,1,84,1
42,85,1,86,1
43,87,1,88,1
44,89,1,90,1
45,91,1,92,1
46,93,1,94,1
47,95,1,96,1
48,97,1,98,1
49,99,1,100,1
50,101,1,102,1
51,103,1,104,1
52,105,1,106,1
53,107,1,108,1
54,109,1,110,1
55,111,1,112,1
56,113,1,114,1
57,115,1,116,1
58,117,1,118,1
59,119,1,120,1
60,121,1,122,1
61,123,1,124,1
62,125,1,126,1
63,127,1,128,1
64,129,1,130,1
65,131,1,132,1
66,133,1,134,1
67,135,1,136,1
68,137,1,138,1
69,139,1,140,1
70,141,1,142,1
71,143,1,144,1
72,145,1,146,1
73,147,1,148,1
74,149,1,150,1
75,151,1,152,1
76,153,1,154,1
77,155,1,156,1
78,157,1,158,1
79,159,1,160,1
80,161,1,162,1
81,163,1,164,1
82,165,1,166,1
83,167,1,168,1
84,169,1,170,1
85,171,1,172,1
86,173,1,174,1
87,175,1,176,1
88,177,1,178,1
89,179,1,180,1
90,181,1,182,1
91,183,1,184,1
92,185,1,186,1
93,187,1,188,1
94,189,1,190,1
95,191,1,192,1
96,193,1,194,1
97,195,1,196,1
98,197,1,198,1
99,199,1,200,1
100,201,1,202,1
101,203,1,204,1
102,205,1,206,1
103,207,1,208,1
104,209,1,210,1
105,211,1,212,1
106,213,1,214,1
107,215,1,216,1
108,217,1,218,1
109,219,1,220,1
110,221,1,222,1
111,223,1,224,1
112,225,1,226,1
113,227,1,228,1
114,229,1,230,1
115,231,1,232,1
116,233,1,234,1
117,235,1,236,1
118,237,1,238,1
119,239,1,240,1
120,241,1,242,1
121,243,1,244,1
122,245,1,246,1
123,247,1,248,1
124,249,1,250,1
125,251,1,252,1
126,253,1,254,1
127,255,1,256,1
128,257,1,258,1
129,259,1,260,1
130,261,1,262,1
131,263,1,264,1
132,265,1,266,1
133,267,1,268,1
134,269,1,270,1
135,271,1,272,1
136,273,1,274,1
137,275,1,276,1
138,277,1,278,1
139,279,1,280,1
140,281,1,282,1
141,283,1,284,1
142,285,1,286,1
143,287,1,288,1
144,289,1,290,1
145,291,1,292,1
146,293,1,294,1
147,295,1,296,1
148,297,1,298,1
149,299,1,300,1
150,301,1,302,1
151,303,1,304,1
152,305,1,306,1
153,307,1,308,1
154,309,1,310,1
155,311,1,312,1
156,313,1,314,1
157,315,1,316,1
158,317,1,318,1
159,319,1,320,1
160,321,1,322,1
161,323,1,324,1
162,325,1,326,1
163,327,1,328,1
164,329,1,330,1
165,331,1,332,1
166,333,1,334,1
167,335,1,336,1
168,337,1,338,1
169,339,1,340,1
170,341,1,342,1
171,343,1,344,1
172,345,1,346,1
173,347,1,348,1
174,349,1,350,1
175,351,1,352,1
176,353,1,354,1
177,355,1,356,1
178,357,1,358,1
179,359,1,360,1
180,361,1,362,1
181,363,1,364,1
182,365,1,366,1
183,367,1,368,1
184,369,1,370,1
185,371,1,372,1
186,373,1,374,1
187,375,1,376,1
188,377,1,378,1
189,379,1,380,1
190,381,1,382,1
191,383,1,384,1
192,385,1,386,1
193,387,1,388,1
194,389,1,390,1
195,391,1,392,1
196,393,1,394,1
197,395,1,396,1
198,397,1,398,1
199,399,1,400,1
200,401,1,402,1
201,403,1,404,1
202,405,1,406,1
203,407,1,408,1
204,409,1,410,1
205,411,1,412,1
206,413,1,414,1
207,415,1,416,1
208,417,1,418,1
209,419,1,420,1
210,421,1,422,1
211,423,1,424,1
212,425,1,426,1
213,427,1,428,1
214,429,1,430,1
215,431,1,432,1
216,433,1,434,1
217,435,1,436,1
218,437,1,438,1
219,439,1,440,1
220,441,1,442,1
221,443,1,444,1
222,445,1,446,1
223,447,1,448,1
224,449,1,450,1
225,451,1,452,1
226,453,1,454,1
227,455,1,456,1
228,457,1,458,1
229,459,1,460,1
230,461,1,462,1
231,463,1,464,1
232,465,1,466,1
233,467,1,468,1
234,469,1,470,1
235,471,1,472,1
236,473,1,474,1
237,475,1,476,1
238,477,1,478,1
239,479,1,480,1
240,481,1,482,1
241,483,1,484,1
242,485,1,486,1
243,487,1,488,1
244,489,1,490,1
245,491,1,492,1
246,493,1,494,1
247,495,1,496,1
248,497,1,498,1
249,499,1,500,1
250,501,1,502,1
251,503,1,504,1
252,505,1,506,1
253,507,1,508,1
254,509,1,510,1
255,511,1,512,1
256,513,1,514,1
257,515,1,516,1
258,517,1,518,1
259,519,1,520,1
260,521,1,522,1
261,523,1,524,1
262,525,1,526,1
263,527,1,528,1
264,529,1,530,1
265,531,1,532,1
266,533,1,534,1
267,535,1,536,1
268,537,1,538,1
269,539,1,540,1
270,541,1,542,1
271,543,1,544,1
272,545,1,546,1
273,547,1,548,1
274,549,1,550,1
275,551,1,552,1
276,553,1,554,1
277,555,1,556,1
278,557,1,558,1
279,559,1,560,1
280,561,1,562,1
281,563,1,564,1
282,565,1,566,1
283,567,1,568,1
284,569,1,570,1
285,571,1,572,1
286,573,1,574,1
287,575,1,576,1
288,577,1,578,1
289,579,1,580,1
290,581,1,582,1
291,583,1,584,1
292,585,1,586,1
293,587,1,588,1
294,589,1,590,1
295,591,1,592,1
296,593,1,594,1
297,595,1,596,1
298,597,1,598,1
299,599,1,600,1
300,601,1,602,1
301,603,1,604,1
302,605,1,606,1
303,607,1,608,1
304,609,1,610,1
305,611,1,612,1
306,613,1,614,1
307,615,1,616,1
308,617,1,618,1
309,619,1,620,1
310,621,1,622,1
311,623,1,624,1
312,625,1,626,1
313,627,1,628,1
314,629,1,630,1
315,631,1,632,1
316,633,1,634,1
317,635,1,636,1
318,637,1,638,1
319,639,1,640,1
320,641,1,642,1
321,643,1,644,1
322,645,1,646,1
323,647,1,648,1
324,649,1,650,1
325,651,1,652,1
326,653,1,654,1
327,655,1,656,1
328,657,1,658,1
329,659,1,660,1
330,661,1,662,1
331,663,1,664,1
332,665,1,666,1
333,667,1,668,1
334,669,1,670,1
335,671,1,672,1
336,673,1,674,1
337,675,1,676,1
338,677,1,678,1
339,679,1,680,1
340,681,1,682,1
341,683,1,684,1
342,685,1,686,1
343,687,1,688,1
344,689,1,690,1
345,691,1,692,1
346,693,1,694,1
347,695,1,696,1
348,697,1,698,1
349,699,1,700,1
350,701,1,702,1
351,703,1,704,1
352,705,1,706,1
353,707,1,708,1
354,709,1,710,1
355,711,1,712,1
356,713,1,714,1
357,715,1,716,1
358,717,1,718,1
359,719,1,720,1
360,721,1,722,1
361,723,1,724,1
362,725,1,726,1
363,727,1,728,1
364,729,1,730,1
365,731,1,732,1
366,733,1,734,1
367,735,1,736,1
368,737,1,738,1
369,739,1,740,1
370,741,1,742,1
371,743,1,744,1
372,745,1,746,1
373,747,1,748,1
374,749,1,750,1
375,751,1,752,1
376,753,1,754,1
377,755,1,756,1
378,757,1,758,1
379,759,1,760,1
380,761,1,762,1
381,763,1,764,1
382,765,1,766,1
383,767,1,768,1
384,769,1,770,1
385,771,1,772,1
386,773,1,774,1
387,775,1,776,1
388,777,1,778,1
389,779,1,780,1
390,781,1,782,1
391,783,1,784,1
392,785,1,786,1
393,787,1,788,1
394,789,1,790,1
395,791,1,792,1
396,793,1,794,1
397,795,1,796,1
398,797,1,798,1
399,799,1,800,1
400,801,1,802,1
401,803,1,804,1
402,805,1,806,1
403,807,1,808,1
404,809,1,810,1
405,811,1,812,1
406,813,1,814,1
407,815,1,816,1
408,817,1,818,1
409,819,1,820,1
410,821,1,822,1
411,823,1,824,1
412,825,1,826,1
413,827,1,828,1
414,829,1,830,1
415,831,1,832,1
416,833,1,834,1
417,835,1,836,1
418,837,1,838,1
419,839,1,840,1
420,841,1,842,1
421,843,1,844,1
422,845,1,846,1
423,847,1,848,1
424,849,1,850,1
425,851,1,852,1
426,853,1,854,1
427,855,1,856,1
428,857,1,858,1
429,859,1,860,1
430,861,1,862,1
431,863,1,864,1
432,865,1,866,1
433,867,1,868,1
434,869,1,870,1
435,871,1,872,1
436,873,1,874,1
437,875,1,876,1
438,877,1,878,1
439,879,1,880,1
440,881,1,882,1
441,883,1,884,1
442,885,1,886,1
443,887,1,888,1
444,889,1,890,1
445,891,1,892,1
446,893,1,894,1
447,895,1,896,1
448,897,1,898,1
449,899,1,900,1
450,901,1,902,1
451,903,1,904,1
452,905,1,906,1
453,907,1,908,1
454,909,1,910,1
455,911,1,912,1
456,913,1,914,1
457,915,1,916,1
458,917,1,918,1
459,919,1,920,1
460,921,1,922,1
461,923,1,924,1
462,925,1,926,1
463,927,1,928,1
464,929,1,930,1
465,931,1,932,1
466,933,1,934,1
467,935,1,936,1
468,937,1,938,1
469,939,1,940,1
470,941,1,942,1
471,943,1,944,1
472,945,1,946,1
473,947,1,948,1
474,949,1,950,1
475,951,1,952,1
476,953,1,954,1
477,955,1,956,1
478,957,1,958,1
479,959,1,960,1
480,961,1,962,1
481,963,1,964,1
482,965,1,966,1
483,967,1,968,1
484,969,1,970,1
485,971,1,972,1
486,973,1,974,1
487,975,1,976,1
488,977,1,978,1
489,979,1,980,1
490,981,1,982,1
491,983,1,984,1
492,985,1,986,1
493,987,1,988,1
494,989,1,990,1
495,991,1,992,1
496,993,1,994,1
497,995,1,996,1
498,997,1,998,1
499,999,1,1000,1
500,1001,1,1002,1
501,1003,1,1004,1
502,1005,1,1006,1
503,1007,1,1008,1
504,1009,1,1010,1
505,1011,1,1012,1
506,1013,1,1014,1
507,1015,1,1016,1
508,1017,1,1018,1
509,1019,1,1020,1
510,1021,1,1022,1
511,1023,1,1024,1
512,1025,1,1026,1
513,1027,1,1028,1
514,1029,1,1030,1
515,1031,1,1032,1
516,1033,1,1034,1
517,1035,1,1036,1
518,1037,1,1038,1
519,1039,1,1040,1
520,1041,1,1042,1
521,1043,1,1044,1
522,1045,1,1046,1
523,1047,1,1048,1
524,1049,1,1050,1
525,1051,1,1052,1
526,1053,1,1054,1
527,1055,1,1056,1
528,1057,1,1058,1
529,1059,1,1060,1
530,1061,1,1062,1
531,1063,1,1064,1
532,1065,1,1066,1
533,1067,1,1068,1
534,1069,1,1070,1
535,1071,1,1072,1
536,1073,1,1074,1
537,1075,1,1076,1
538,1077,1,1078,1
539,1079,1,1080,1
540,1081,1,1082,1
541,1083,1,1084,1
542,1085,1,1086,1
543,1087,1,1088,1
544,1089,1,1090,1
545,1091,1,1092,1
546,1093,1,1094,1
547,1095,1,1096,1
548,1097,1,1098,1
549,1099,1,1100,1
550,1101,1,1102,1
551,1103,1,1104,1
552,1105,1,1106,1
553,1107,1,1108,1
554,1109,1,1110,1
555,1111,1,1112,1
556,1113,1,1114,1
557,1115,1,1116,1
558,1117,1,1118,1
559,1119,1,1120,1
560,1121,1,1122,1
561,1123,1,1124,1
562,1125,1,1126,1
563,1127,1,1128,1
564,1129,1,1130,1
565,1131,1,1132,1
566,1133,1,1134,1
567,1135,1,1136,1
568,1137,1,1138,1
569,1139,1,1140,1
570,1141,1,1142,1
571,1143,1,1144,1
572,1145,1,1146,1
573,1147,1,1148,1
574,1149,1,1150,1
575,1151,1,1152,1
576,1153,1,1154,1
577,1155,1,1156,1
578,1157,1,1158,1
579,1159,1,1160,1
580,1161,1,1162,1
581,1163,1,1164,1
582,1165,1,1166,1
583,1167,1,1168,1
584,1169,1,1170,1
585,1171,1,1172,1
586,1173,1,1174,1
587,1175,1,1176,1
588,1177,1,1178,1
589,1179,1,1180,1
590,1181,1,1182,1
591,1183,1,1184,1
592,1185,1,1186,1
593,1187,1,1188,1
594,1189,1,1190,1
595,1191,1,1192,1
596,1193,1,1194,1
597,1195,1,1196,1
598,1197,1,1198,1
599,1199,1,1200,1
600,1201,1,1202,1
601,1203,1,1204,1
602,1205,1,1206,1
603,1207,1,1208,1
604,1209,1,1210,1
605,1211,1,1212,1
606,1213,1,1214,1
607,1215,1,1216,1
608,1217,1,1218,1
609,1219,1,1220,1
610,1221,1,1222,1
611,1223,1,1224,1
612,1225,1,1226,1
613,1227,1,1228,1
614,1229,1,1230,1
615,1231,1,1232,1
616,1233,1,1234,1
617,1235,1,1236,1
618,1237,1,1238,1
619,1239,1,1240,1
620,1241,1,1242,1
621,1243,1,1244,1
622,1245,1,1246,1
623,1247,1,1248,1
624,1249,1,1250,1
625,1251,1,1252,1
626,1253,1,1254,1
627,1255,1,1256,1
628,1257,1,1258,1
629,1259,1,1260,1
630,1261,1,1262,1
631,1263,1,1264,1
632,1265,1,1266,1
633,1267,1,1268,1
634,1269,1,1270,1
635,1271,1,1272,1
636,1273,1,1274,1
637,1275,1,1276,1
638,1277,1,1278,1
639,1279,1,1280,1
640,1281,1,1282,1
641,1283,1,1284,1
642,1285,1,1286,1
643,1287,1,1288,1
644,1289,1,1290,1
645,1291,1,1292,1
646,1293,1,1294,1
647,1295,1,1296,1
648,1297,1,1298,1
649,1299,1,1300,1
650,1301,1,1302,1
651,1303,1,1304,1
652,1305,1,1306,1
653,1307,1,1308,1
654,1309,1,1310,1
655,1311,1,1312,1
656,1313,1,1314,1
657,1315,1,1316,1
658,1317,1,1318,1
659,1319,1,1320,1
660,1321,1,1322,1
661,1323,1,1324,1
662,1325,1,1326,1
663,1327,1,1328,1
664,1329,1,1330,1
665,1331,1,1332,1
666,1333,1,1334,1
667,1335,1,1336,1
668,1337,1,1338,1
669,1339,1,1340,1
670,1341,1,1342,1
671,1343,1,1344,1
672,1345,1,1346,1
673,1347,1,1348,1
674,1349,1,1350,1
675,1351,1,1352,1
676,1353,1,1354,1
677,1355,1,1356,1
678,1357,1,1358,1
679,1359,1,1360,1
680,1361,1,1362,1
681,1363,1,1364,1
682,1365,1,1366,1
683,1367,1,1368,1
684,1369,1,1370,1
685,1371,1,1372,1
686,1373,1,1374,1
687,1375,1,1376,1
688,1377,1,1378,1
689,1379,1,1380,1
690,1381,1,1382,1
691,1383,1,1384,1
692,1385,1,1386,1
693,1387,1,1388,1
694,1389,1,1390,1
695,1391,1,1392,1
696,1393,1,1394,1
697,1395,1,1396,1
698,1397,1,1398,1
699,1399,1,1400,1
700,1401,1,1402,1
701,1403,1,1404,1
702,1405,1,1406,1
703,1407,1,1408,1
704,1409,1,1410,1
705,1411,1,1412,1
706,1413,1,1414,1
707,1415,1,1416,1
708,1417,1,1418,1
709,1419,1,1420,1
710,1421,1,1422,1
711,1423,1,1424,1
712,1425,1,1426,1
713,1427,1,1428,1
714,1429,1,1430,1
715,1431,1,1432,1
716,1433,1,1434,1
717,1435,1,1436,1
718,1437,1,1438,1
719,1439,1,1440,1
720,1441,1,1442,1
721,1443,1,1444,1
722,1445,1,1446,1
723,1447,1,1448,1
724,1449,1,1450,1
725,1451,1,1452,1
726,1453,1,1454,1
727,1455,1,1456,1
728,1457,1,1458,1
729,1459,1,1460,1
730,1461,1,1462,1
731,1463,1,1464,1
732,1465,1,1466,1
733,1467,1,1468,1
734,1469,1,1470,1
735,1471,1,1472,1
736,1473,1,1474,1
737,1475,1,1476,1
738,1477,1,1478,1
739,1479,1,1480,1
740,1481,1,1482,1
741,1483,1,1484,1
742,1485,1,1486,1
743,1487,1,1488,1
744,1489,1,1490,1
745,1491,1,1492,1
746,1493,1,1494,1
747,1495,1,1496,1
748,1497,1,1498,1
749,1499,1,1500,1
750,1501,1,1502,1
751,1503,1,1504,1
752,1505,1,1506,1
753,1507,1,1508,1
754,1509,1,1510,1
755,1511,1,1512,1
756,1513,1,1514,1
757,1515,1,1516,1
758,1517,1,1518,1
759,1519,1,1520,1
760,1521,1,1522,1
761,1523,1,1524,1
762,1525,1,1526,1
763,1527,1,1528,1
764,1529,1,1530,1
765,1531,1,1532,1
766,1533,1,1534,1
767,1535,1,1536,1
768,1537,1,1538,1
769,1539,1,1540,1
770,1541,1,1542,1
771,1543,1,1544,1
772,1545,1,1546,1
773,1547,1,1548,1
774,1549,1,1550,1
775,1551,1,1552,1
776,1553,1,1554,1
777,1555,1,1556,1
778,1557,1,1558,1
779,1559,1,1560,1
780,1561,1,1562,1
781,1563,1,1564,1
782,1565,1,1566,1
783,1567,1,1568,1
784,1569,1,1570,1
785,1571,1,1572,1
786,1573,1,1574,1
787,1575,1,1576,1
788,1577,1,1578,1
789,1579,1,1580,1
790,1581,1,1582,1
791,1583,1,1584,1
792,1585,1,1586,1
793,1587,1,1588,1
794,1589,1,1590,1
795,1591,1,1592,1
796,1593,1,1594,1
797,1595,1,1596,1
798,1597,1,1598,1
799,1599,1,1600,1
800,1601,1,1602,1
801,1603,1,1604,1
802,1605,1,1606,1
803,1607,1,1608,1
804,1609,1,1610,1
805,1611,1,1612,1
806,1613,1,1614,1
807,1615,1,1616,1
808,1617,1,1618,1
809,1619,1,1620,1
810,1621,1,1622,1
811,1623,1,1624,1
812,1625,1,1626,1
813,1627,1,1628,1
814,1629,1,1630,1
815,1631,1,1632,1
816,1633,1,1634,1
817,1635,1,1636,1
818,1637,1,1638,1
819,1639,1,1640,1
820,1641,1,1642,1
821,1643,1,1644,1
822,1645,1,1646,1
823,1647,1,1648,1
824,1649,1,1650,1
825,1651,1,1652,1
826,1653,1,1654,1
827,1655,1,1656,1
828,1657,1,1658,1
829,1659,1,1660,1
830,1661,1,1662,1
831,1663,1,1664,1
832,1665,1,1666,1
833,1667,1,1668,1
834,1669,1,1670,1
835,1671,1,1672,1
836,1673,1,1674,1
837,1675,1,1676,1
838,1677,1,1678,1
839,1679,1,1680,1
840,1681,1,1682,1
841,1683,1,1684,1
842,1685,1,1686,1
843,1687,1,1688,1
844,1689,1,1690,1
845,1691,1,1692,1
846,1693,1,1694,1
847,1695,1,1696,1
848,1697,1,1698,1
849,1699,1,1700,1
850,1701,1,1702,1
851,1703,1,1704,1
852,1705,1,1706,1
853,1707,1,1708,1
854,1709,1,1710,1
855,1711,1,1712,1
856,1713,1,1714,1
857,1715,1,1716,1
858,1717,1,1718,1
859,1719,1,1720,1
860,1721,1,1722,1
861,1723,1,1724,1
862,1725,1,1726,1
863,1727,1,1728,1
864,1729,1,1730,1
865,1731,1,1732,1
866,1733,1,1734,1
867,1735,1,1736,1
868,1737,1,1738,1
869,1739,1,1740,1
870,1741,1,1742,1
871,1743,1,1744,1
872,1745,1,1746,1
873,1747,1,1748,1
874,1749,1,1750,1
875,1751,1,1752,1
876,1753,1,1754,1
877,1755,1,1756,1
878,1757,1,1758,1
879,1759,1,1760,1
880,1761,1,1762,1
881,1763,1,1764,1
882,1765,1,1766,1
883,1767,1,1768,1
884,1769,1,1770,1
885,1771,1,1772,1
886,1773,1,1774,1
887,1775,1,1776,1
888,1777,1,1778,1
889,1779,1,1780,1
890,1781,1,1782,1
891,1783,1,1784,1
892,1785,1,1786,1
893,1787,1,1788,1
894,1789,1,1790,1
895,1791,1,1792,1
896,1793,1,1794,1
897,1795,1,1796,1
898,1797,1,1798,1
899,1799,1,1800,1
900,1801,1,1802,1
901,1803,1,1804,1
902,1805,1,1806,1
903,1807,1,1808,1
904,1809,1,1810,1
905,1811,1,1812,1
906,1813,1,1814,1
907,1815,1,1816,1
908,1817,1,1818,1
909,1819,1,1820,1
910,1821,1,1822,1
911,1823,1,1824,1
912,1825,1,1826,1
913,1827,1,1828,1
914,1829,1,1830,1
915,1831,1,1832,1
916,1833,1,1834,1
917,1835,1,1836,1
918,1837,1,1838,1
919,1839,1,1840,1
920,1841,1,1842,1
921,1843,1,1844,1
922,1845,1,1846,1
923,1847,1,1848,1
924,1849,1,1850,1
925,1851,1,1852,1
926,1853,1,1854,1
927,1855,1,1856,1
928,1857,1,1858,1
929,1859,1,1860,1
930,1861,1,1862,1
931,1863,1,1864,1
932,1865,1,1866,1
933,1867,1,1868,1
934,1869,1,1870,1
935,1871,1,1872,1
936,1873,1,1874,1
937,1875,1,1876,1
938,1877,1,1878,1
939,1879,1,1880,1
940,1881,1,1882,1
941,1883,1,1884,1
942,1885,1,1886,1
943,1887,1,1888,1
944,1889,1,1890,1
945,1891,1,1892,1
946,1893,1,1894,1
947,1895,1,1896,1
948,1897,1,1898,1
949,1899,1,1900,1
950,1901,1,1902,1
951,1903,1,1904,1
952,1905,1,1906,1
953,1907,1,1908,1
954,1909,1,1910,1
955,1911,1,1912,1
956,1913,1,1914,1
957,1915,1,1916,1
958,1917,1,1918,1
959,1919,1,1920,1
960,1921,1,1922,1
961,1923,1,1924,1
962,1925,1,1926,1
963,1927,1,1928,1
964,1929,1,1930,1
965,1931,1,1932,1
966,1933,1,1934,1
967,1935,1,1936,1
968,1937,1,1938,1
969,1939,1,1940,1
970,1941,1,1942,1
971,1943,1,1944,1
972,1945,1,1946,1
973,1947,1,1948,1
974,1949,1,1950,1
975,1951,1,1952,1
976,1953,1,1954,1
977,1955,1,1956,1
978,1957,1,1958,1
979,1959,1,1960,1
980,1961,1,1962,1
981,1963,1,1964,1
982,1965,1,1966,1
983,1967,1,1968,1
984,1969,1,1970,1
985,1971,1,1972,1
986,1973,1,1974,1
987,1975,1,1976,1
988,1977,1,1978,1
989,1979,1,1980,1
990,1981,1,1982,1
991,1983,1,1984,1
992,1985,1,1986,1
993,1987,1,1988,1
994,1989,1,1990,1
995,1991,1,1992,1
996,1993,1,1994,1
997,1995,1,1996,1
998,1997,1,1998,1
999,1999,1,2000,1
1000,2001,1,2002,1
1001,2003,1,2004,1
1002,2005,1,2006,1
1003,2007,1,2008,1
1004,2009,1,2010,1
1005,2011,1,2012,1
1006,2013,1,2014,1
1007,2015,1,2016,1
1008,2017,1,2018,1
1009,2019,1,2020,1
1010,2021,1,2022,1
1011,2023,1,2024,1
1012,2025,1,2026,1
1013,2027,1,2028,1
1014,2029,1,2030,1
1015,2031,1,2032,1
1016,2033,1,2034,1
1017,2035,1,2036,1
1018,2037,1,2038,1
1019,2039,1,2040,1
1020,2041,1,2042,1
1021,2043,1,2044,1
1022,2045,1,2046,1
1023,3070,1
1024,3071,1
1025,3072,1
1026,3073,1
1027,3074,1
1028,3075,1
1029,3076,1
1030,3077,1
1031,3078,1
1032,3079,1
1033,3080,1
1034,3081,1
1035,3082,1
1036,3083,1
1037,3084,1
1038,3085,1
1039,3086,1
1040,3087,1
1041,3088,1
1042,3089,1
1043,3090,1
1044,3091,1
1045,3092,1
1046,3093,1
1047,3094,1
1048,3095,1
1049,3096,1
1050,3097,1
1051,3098,1
1052,3099,1
1053,3100,1
1054,3101,1
1055,3102,1
1056,3103,1
1057,3104,1
1058,3105,1
1059,3106,1
1060,3107,1
1061,3108,1
1062,3109,1
1063,3110,1
1064,3111,1
1065,3112,1
1066,3113,1
1067,3114,1
1068,3115,1
1069,3116,1
1070,3117,1
1071,3118,1
1072,3119,1
1073,3120,1
1074,3121,1
1075,3122,1
1076,3123,1
1077,3124,1
1078,3125,1
1079,3126,1
1080,3127,1
1081,3128,1
1082,3129,1
1083,3130,1
1084,3131,1
1085,3132,1
1086,3133,1
1087,3134,1
1088,3135,1
1089,3136,1
1090,3137,1
1091,3138,1
1092,3139,1
1093,3140,1
1094,3141,1
1095,3142,1
1096,3143,1
1097,3144,1
1098,3145,1
1099,3146,1
1100,3147,1
1101,3148,1
1102,3149,1
1103,3150,1
1104,3151,1
1105,3152,1
1106,3153,1
1107,3154,1
1108,3155,1
1109,3156,1
1110,3157,1
1111,3158,1
1112,3159,1
1113,3160,1
1114,3161,1
1115,3162,1
1116,3163,1
1117,3164,1
1118,3165,1
1119,3166,1
1120,3167,1
1121,3168,1
1122,3169,1
1123,3170,1
1124,3171,1
1125,3172,1
1126,3173,1
1127,3174,1
1128,3175,1
1129,3176,1
1130,3177,1
1131,3178,1
1132,3179,1
1133,3180,1
1134,3181,1
1135,3182,1
1136,3183,1
1137,3184,1
1138,3185,1
1139,3186,1
1140,3187,1
1141,3188,1
1142,3189,1
1143,3190,1
1144,3191,1
1145,3192,1
1146,3193,1
1147,3194,1
1148,3195,1
1149,3196,1
1150,3197,1
1151,3198,1
1152,3199,1
1153,3200,1
1154,3201,1
1155,3202,1
1156,3203,1
1157,3204,1
1158,3205,1
1159,3206,1
1160,3207,1
1161,3208,1
1162,3209,1
1163,3210,1
1164,3211,1
1165,3212,1
1166,3213,1
1167,3214,1
1168,3215,1
1169,3216,1
1170,3217,1
1171,3218,1
1172,3219,1
1173,3220,1
1174,3221,1
1175,3222,1
1176,3223,1
1177,3224,1
1178,3225,1
1179,3226,1
1180,3227,1
1181,3228,1
1182,3229,1
1183,3230,1
1184,3231,1
1185,3232,1
1186,3233,1
1187,3234,1
1188,3235,1
1189,3236,1
1190,3237,1
1191,3238,1
1192,3239,1
1193,3240,1
1194,3241,1
1195,3242,1
1196,3243,1
1197,3244,1
1198,3245,1
1199,3246,1
1200,3247,1
1201,3248,1
1202,3249,1
1203,3250,1
1204,3251,1
1205,3252,1
1206,3253,1
1207,3254,1
1208,3255,1
1209,3256,1
1210,3257,1
1211,3258,1
1212,3259,1
1213,3260,1
1214,3261,1
1215,3262,1
1216,3263,1
1217,3264,1
1218,3265,1
1219,3266,1
1220,3267,1
1221,3268,1
1222,3269,1
1223,3270,1
1224,3271,1
1225,3272,1
1226,3273,1
1227,3274,1
1228,3275,1
1229,3276,1
1230,3277,1
1231,3278,1
1232,3279,1
1233,3280,1
1234,3281,1
1235,3282,1
1236,3283,1
1237,3284,1
1238,3285,1
1239,3286,1
1240,3287,1
1241,3288,1
1242,3289,1
1243,3290,1
1244,3291,1
1245,3292,1
1246,3293,1
1247,3294,1
1248,3295,1
1249,3296,1
1250,3297,1
1251,3298,1
1252,3299,1
1253,3300,1
1254,3301,1
1255,3302,1
1256,3303,1
1257,3304,1
1258,3305,1
1259,3306,1
1260,3307,1
1261,3308,1
1262,3309,1
1263,3310,1
1264,3311,1
1265,3312,1
1266,3313,1
1267,3314,1
1268,3315,1
1269,3316,1
1270,3317,1
1271,3318,1
1272,3319,1
1273,3320,1
1274,3321,1
1275,3322,1
1276,3323,1
1277,3324,1
1278,3325,1
1279,3326,1
1280,3327,1
1281,3328,1
1282,3329,1
1283,3330,1
1284,3331,1
1285,3332,1
1286,3333,1
1287,3334,1
1288,3335,1
1289,3336,1
1290,3337,1
1291,3338,1
1292,3339,1
1293,3340,1
1294,3341,1
1295,3342,1
1296,3343,1
1297,3344,1
1298,3345,1
1299,3346,1
1300,3347,1
1301,3348,1
1302,3349,1
1303,3350,1
1304,3351,1
1305,3352,1
1306,3353,1
1307,3354,1
1308,3355,1
1309,3356,1
1310,3357,1
1311,3358,1
1312,3359,1
1313,3360,1
1314,3361,1
1315,3362,1
1316,3363,1
1317,3364,1
1318,3365,1
1319,3366,1
1320,3367,1
1321,3368,1
1322,3369,1
1323,3370,1
1324,3371,1
1325,3372,1
1326,3373,1
1327,3374,1
1328,3375,1
1329,3376,1
1330,3377,1
1331,3378,1
1332,3379,1
1333,3380,1
1334,3381,1
1335,3382,1
1336,3383,1
1337,3384,1
1338,3385,1
1339,3386,1
1340,3387,1
1341,3388,1
1342,3389,1
1343,3390,1
1344,3391,1
1345,3392,1
1346,3393,1
1347,3394,1
1348,3395,1
1349,3396,1
1350,3397,1
1351,3398,1
1352,3399,1
1353,3400,1
1354,3401,1
1355,3402,1
1356,3403,1
1357,3404,1
1358,3405,1
1359,3406,1
1360,3407,1
1361,3408,1
1362,3409,1
1363,3410,1
1364,3411,1
1365,3412,1
1366,3413,1
1367,3414,1
1368,3415,1
1369,3416,1
1370,3417,1
1371,3418,1
1372,3419,1
1373,3420,1
1374,3421,1
1375,3422,1
1376,3423,1
1377,3424,1
1378,3425,1
1379,3426,1
1380,3427,1
1381,3428,1
1382,3429,1
1383,3430,1
1384,3431,1
1385,3432,1
1386,3433,1
1387,3434,1
1388,3435,1
1389,3436,1
1390,3437,1
1391,3438,1
1392,3439,1
1393,3440,1
1394,3441,1
1395,3442,1
1396,3443,1
1397,3444,1
1398,3445,1
1399,3446,1
1400,3447,1
1401,3448,1
1402,3449,1
1403,3450,1
1404,3451,1
1405,3452,1
1406,3453,1
1407,3454,1
1408,3455,1
1409,3456,1
1410,3457,1
1411,3458,1
1412,3459,1
1413,3460,1
1414,3461,1
1415,3462,1
1416,3463,1
1417,3464,1
1418,3465,1
1419,3466,1
1420,3467,1
1421,3468,1
1422,3469,1
1423,3470,1
1424,3471,1
1425,3472,1
1426,3473,1
1427,3474,1
1428,3475,1
1429,3476,1
1430,3477,1
1431,3478,1
1432,3479,1
1433,3480,1
1434,3481,1
1435,3482,1
1436,3483,1
1437,3484,1
1438,3485,1
1439,3486,1
1440,3487,1
1441,3488,1
1442,3489,1
1443,3490,1
1444,3491,1
1445,3492,1
1446,3493,1
1447,3494,1
1448,3495,1
1449,3496,1
1450,3497,1
1451,3498,1
1452,3499,1
1453,3500,1
1454,3501,1
1455,3502,1
1456,3503,1
1457,3504,1
1458,3505,1
1459,3506,1
1460,3507,1
1461,3508,1
1462,3509,1
1463,3510,1
1464,3511,1
1465,3512,1
1466,3513,1
1467,3514,1
1468,3515,1
1469,3516,1
1470,3517,1
1471,3518,1
1472,3519,1
1473,3520,1
1474,3521,1
1475,3522,1
1476,3523,1
1477,3524,1
1478,3525,1
1479,3526,1
1480,3527,1
1481,3528,1
1482,3529,1
1483,3530,1
1484,3531,1
1485,3532,1
1486,3533,1
1487,3534,1
1488,3535,1
1489,3536,1
1490,3537,1
1491,3538,1
1492,3539,1
1493,3540,1
1494,3541,1
1495,3542,1
1496,3543,1
1497,3544,1
1498,3545,1
1499,3546,1
1500,3547,1
1501,3548,1
1502,3549,1
1503,3550,1
1504,3551,1
1505,3552,1
1506,3553,1
1507,3554,1
1508,3555,1
1509,3556,1
1510,3557,1
1511,3558,1
1512,3559,1
1513,3560,1
1514,3561,1
1515,3562,1
1516,3563,1
1517,3564,1
1518,3565,1
1519,3566,1
1520,3567,1
1521,3568,1
1522,3569,1
1523,3570,1
1524,3571,1
1525,3572,1
1526,3573,1
1527,3574,1
1528,3575,1
1529,3576,1
1530,3577,1
1531,3578,1
1532,3579,1
1533,3580,1
1534,3581,1
1535,3582,1
1536,3583,1
1537,3584,1
1538,3585,1
1539,3586,1
1540,3587,1
1541,3588,1
1542,3589,1
1543,3590,1
1544,3591,1
1545,3592,1
1546,3593,1
1547,3594,1
1548,3595,1
1549,3596,1
1550,3597,1
1551,3598,1
1552,3599,1
1553,3600,1
1554,3601,1
1555,3602,1
1556,3603,1
1557,3604,1
1558,3605,1
1559,3606,1
1560,3607,1
1561,3608,1
1562,3609,1
1563,3610,1
1564,3611,1
1565,3612,1
1566,3613,1
1567,3614,1
1568,3615,1
1569,3616,1
1570,3617,1
1571,3618,1
1572,3619,1
1573,3620,1
1574,3621,1
1575,3622,1
1576,3623,1
1577,3624,1
1578,3625,1
1579,3626,1
1580,3627,1
1581,3628,1
1582,3629,1
1583,3630,1
1584,3631,1
1585,3632,1
1586,3633,1
1587,3634,1
1588,3635,1
1589,3636,1
1590,3637,1
1591,3638,1
1592,3639,1
1593,3640,1
1594,3641,1
1595,3642,1
1596,3643,1
1597,3644,1
1598,3645,1
1599,3646,1
1600,3647,1
1601,3648,1
1602,3649,1
1603,3650,1
1604,3651,1
1605,3652,1
1606,3653,1
1607,3654,1
1608,3655,1
1609,3656,1
1610,3657,1
1611,3658,1
1612,3659,1
1613,3660,1
1614,3661,1
1615,3662,1
1616,3663,1
1617,3664,1
1618,3665,1
1619,3666,1
1620,3667,1
1621,3668,1
1622,3669,1
1623,3670,1
1624,3671,1
1625,3672,1
1626,3673,1
1627,3674,1
1628,3675,1
1629,3676,1
1630,3677,1
1631,3678,1
1632,3679,1
1633,3680,1
1634,3681,1
1635,3682,1
1636,3683,1
1637,3684,1
1638,3685,1
1639,3686,1
1640,3687,1
1641,3688,1
1642,3689,1
1643,3690,1
1644,3691,1
1645,3692,1
1646,3693,1
1647,3694,1
1648,3695,1
1649,3696,1
1650,3697,1
1651,3698,1
1652,3699,1
1653,3700,1
1654,3701,1
1655,3702,1
1656,3703,1
1657,3704,1
1658,3705,1
1659,3706,1
1660,3707,1
1661,3708,1
1662,3709,1
1663,3710,1
1664,3711,1
1665,3712,1
1666,3713,1
1667,3714,1
1668,3715,1
1669,3716,1
1670,3717,1
1671,3718,1
1672,3719,1
1673,3720,1
1674,3721,1
1675,3722,1
1676,3723,1
1677,3724,1
1678,3725,1
1679,3726,1
1680,3727,1
1681,3728,1
1682,3729,1
1683,3730,1
1684,3731,1
1685,3732,1
1686,3733,1
1687,3734,1
1688,3735,1
1689,3736,1
1690,3737,1
1691,3738,1
1692,3739,1
1693,3740,1
1694,3741,1
1695,3742,1
1696,3743,1
1697,3744,1
1698,3745,1
1699,3746,1
1700,3747,1
1701,3748,1
1702,3749,1
1703,3750,1
1704,3751,1
1705,3752,1
1706,3753,1
1707,3754,1
1708,3755,1
1709,3756,1
1710,3757,1
1711,3758,1
1712,3759,1
1713,3760,1
1714,3761,1
1715,3762,1
1716,3763,1
1717,3764,1
1718,3765,1
1719,3766,1
1720,3767,1
1721,3768,1
1722,3769,1
1723,3770,1
1724,3771,1
1725,3772,1
1726,3773,1
1727,3774,1
1728,3775,1
1729,3776,1
1730,3777,1
1731,3778,1
1732,3779,1
1733,3780,1
1734,3781,1
1735,3782,1
1736,3783,1
1737,3784,1
1738,3785,1
1739,3786,1
1740,3787,1
1741,3788,1
1742,3789,1
1743,3790,1
1744,3791,1
1745,3792,1
1746,3793,1
1747,3794,1
1748,3795,1
1749,3796,1
1750,3797,1
1751,3798,1
1752,3799,1
1753,3800,1
1754,3801,1
1755,3802,1
1756,3803,1
1757,3804,1
1758,3805,1
1759,3806,1
1760,3807,1
1761,3808,1
1762,3809,1
1763,3810,1
1764,3811,1
1765,3812,1
1766,3813,1
1767,3814,1
1768,3815,1
1769,3816,1
1770,3817,1
1771,3818,1
1772,3819,1
1773,3820,1
1774,3821,1
1775,3822,1
1776,3823,1
1777,3824,1
1778,3825,1
1779,3826,1
1780,3827,1
1781,3828,1
1782,3829,1
1783,3830,1
1784,3831,1
1785,3832,1
1786,3833,1
1787,3834,1
1788,3835,1
1789,3836,1
1790,3837,1
1791,3838,1
1792,3839,1
1793,3840,1
1794,3841,1
1795,3842,1
1796,3843,1
1797,3844,1
1798,3845,1
1799,3846,1
1800,3847,1
1801,3848,1
1802,3849,1
1803,3850,1
1804,3851,1
1805,3852,1
1806,3853,1
1807,3854,1
1808,3855,1
1809,3856,1
1810,3857,1
1811,3858,1
1812,3859,1
1813,3860,1
1814,3861,1
1815,3862,1
1816,3863,1
1817,3864,1
1818,3865,1
1819,3866,1
1820,3867,1
1821,3868,1
1822,3869,1
1823,3870,1
1824,3871,1
1825,3872,1
1826,3873,1
1827,3874,1
1828,3875,1
1829,3876,1
1830,3877,1
1831,3878,1
1832,3879,1
1833,3880,1
1834,3881,1
1835,3882,1
1836,3883,1
1837,3884,1
1838,3885,1
1839,3886,1
1840,3887,1
1841,3888,1
1842,3889,1
1843,3890,1
1844,3891,1
1845,3892,1
1846,3893,1
1847,3894,1
1848,3895,1
1849,3896,1
1850,3897,1
1851,3898,1
1852,3899,1
1853,3900,1
1854,3901,1
1855,3902,1
1856,3903,1
1857,3904,1
1858,3905,1
1859,3906,1
1860,3907,1
1861,3908,1
1862,3909,1
1863,3910,1
1864,3911,1
1865,3912,1
1866,3913,1
1867,3914,1
1868,3915,1
1869,3916,1
1870,3917,1
1871,3918,1
1872,3919,1
1873,3920,1
1874,3921,1
1875,3922,1
1876,3923,1
1877,3924,1
1878,3925,1
1879,3926,1
1880,3927,1
1881,3928,1
1882,3929,1
1883,3930,1
1884,3931,1
1885,3932,1
1886,3933,1
1887,3934,1
1888,3935,1
1889,3936,1
1890,3937,1
1891,3938,1
1892,3939,1
1893,3940,1
1894,3941,1
1895,3942,1
1896,3943,1
1897,3944,1
1898,3945,1
1899,3946,1
1900,3947,1
1901,3948,1
1902,3949,1
1903,3950,1
1904,3951,1
1905,3952,1
1906,3953,1
1907,3954,1
1908,3955,1
1909,3956,1
1910,3957,1
1911,3958,1
1912,3959,1
1913,3960,1
1914,3961,1
1915,3962,1
1916,3963,1
1917,3964,1
1918,3965,1
1919,3966,1
1920,3967,1
1921,3968,1
1922,3969,1
1923,3970,1
1924,3971,1
1925,3972,1
1926,3973,1
1927,3974,1
1928,3975,1
1929,3976,1
1930,3977,1
1931,3978,1
1932,3979,1
1933,3980,1
1934,3981,1
1935,3982,1
1936,3983,1
1937,3984,1
1938,3985,1
1939,3986,1
1940,3987,1
1941,3988,1
1942,3989,1
1943,3990,1
1944,3991,1
1945,3992,1
1946,3993,1
1947,3994,1
1948,3995,1
1949,3996,1
1950,3997,1
1951,3998,1
1952,3999,1
1953,4000,1
1954,4001,1
1955,4002,1
1956,4003,1
1957,4004,1
1958,4005,1
1959,4006,1
1960,4007,1
1961,4008,1
1962,4009,1
1963,4010,1
1964,4011,1
1965,4012,1
1966,4013,1
1967,4014,1
1968,4015,1
1969,4016,1
1970,4017,1
1971,4018,1
1972,4019,1
1973,4020,1
1974,4021,1
1975,4022,1
1976,4023,1
1977,4024,1
1978,4025,1
1979,4026,1
1980,4027,1
1981,4028,1
1982,4029,1
1983,4030,1
1984,4031,1
1985,4032,1
1986,4033,1
1987,4034,1
1988,4035,1
1989,4036,1
1990,4037,1
1991,4038,1
1992,4039,1
1993,4040,1
1994,4041,1
1995,4042,1
1996,4043,1
1997,4044,1
1998,4045,1
1999,4046,1
2000,4047,1
2001,4048,1
2002,4049,1
2003,4050,1
2004,4051,1
2005,4052,1
2006,4053,1
2007,4054,1
2008,4055,1
2009,4056,1
2010,4057,1
2011,4058,1
2012,4059,1
2013,4060,1
2014,4061,1
2015,4062,1
2016,4063,1
2017,4064,1
2018,4065,1
2019,4066,1
2020,4067,1
2021,4068,1
2022,4069,1
2023,4070,1
2024,4071,1
2025,4072,1
2026,4073,1
2027,4074,1
2028,4075,1
2029,4076,1
2030,4077,1
2031,4078,1
2032,4079,1
2033,4080,1
2034,4081,1
2035,4082,1
2036,4083,1
2037,4084,1
2038,4085,1
2039,4086,1
2040,4087,1
2041,4088,1
2042,4089,1
2043,4090,1
2044,4091,1
2045,4092,1
2046,4093,1
2047
2048,2047,1
2049,2047,1
2050,2048,1
2051,2048,1
2052,2049,1
2053,2049,1
2054,2050,1
2055,2050,1
2056,2051,1
2057,2051,1
2058,2052,1
2059,2052,1
2060,2053,1
2061,2053,1
2062,2054,1
2063,2054,1
2064,2055,1
2065,2055,1
2066,2056,1
2067,2056,1
2068,2057,1
2069,2057,1
2070,2058,1
2071,2058,1
2072,2059,1
2073,2059,1
2074,2060,1
2075,2060,1
2076,2061,1
2077,2061,1
2078,2062,1
2079,2062,1
2080,2063,1
2081,2063,1
2082,2064,1
2083,2064,1
2084,2065,1
2085,2065,1
2086,2066,1
2087,2066,1
2088,2067,1
2089,2067,1
2090,2068,1
2091,2068,1
2092,2069,1
2093,2069,1
2094,2070,1
2095,2070,1
2096,2071,1
2097,2071,1
2098,2072,1
2099,2072,1
2100,2073,1
2101,2073,1
2102,2074,1
2103,2074,1
2104,2075,1
2105,2075,1
2106,2076,1
2107,2076,1
2108,2077,1
2109,2077,1
2110,2078,1
2111,2078,1
2112,2079,1
2113,2079,1
2114,2080,1
2115,2080,1
2116,2081,1
2117,2081,1
2118,2082,1
2119,2082,1
2120,2083,1
2121,2083,1
2122,2084,1
2123,2084,1
2124,2085,1
2125,2085,1
2126,2086,1
2127,2086,1
2128,2087,1
2129,2087,1
2130,2088,1
2131,2088,1
2132,2089,1
2133,2089,1
2134,2090,1
2135,2090,1
2136,2091,1
2137,2091,1
2138,2092,1
2139,2092,1
2140,2093,1
2141,2093,1
2142,2094,1
2143,2094,1
2144,2095,1
2145,2095,1
2146,2096,1
2147,2096,1
2148,2097,1
2149,2097,1
2150,2098,1
2151,2098,1
2152,2099,1
2153,2099,1
2154,2100,1
2155,2100,1
2156,2101,1
2157,2101,1
2158,2102,1
2159,2102,1
2160,2103,1
2161,2103,1
2162,2104,1
2163,2104,1
2164,2105,1
2165,2105,1
2166,2106,1
2167,2106,1
2168,2107,1
2169,2107,1
2170,2108,1
2171,2108,1
2172,2109,1
2173,2109,1
2174,2110,1
2175,2110,1
2176,2111,1
2177,2111,1
2178,2112,1
2179,2112,1
2180,2113,1
2181,2113,1
2182,2114,1
2183,2114,1
2184,2115,1
2185,2115,1
2186,2116,1
2187,2116,1
2188,2117,1
2189,2117,1
2190,2118,1
2191,2118,1
2192,2119,1
2193,2119,1
2194,2120,1
2195,2120,1
2196,2121,1
2197,2121,1
2198,2122,1
2199,2122,1
2200,2123,1
2201,2123,1
2202,2124,1
2203,2124,1
2204,2125,1
2205,2125,1
2206,2126,1
2207,2126,1
2208,2127,1
2209,2127,1
2210,2128,1
2211,2128,1
2212,2129,1
2213,2129,1
2214,2130,1
2215,2130,1
2216,2131,1
2217,2131,1
2218,2132,1
2219,2132,1
2220,2133,1
2221,2133,1
2222,2134,1
2223,2134,1
2224,2135,1
2225,2135,1
2226,2136,1
2227,2136,1
2228,2137,1
2229,2137,1
2230,2138,1
2231,2138,1
2232,2139,1
2233,2139,1
2234,2140,1
2235,2140,1
2236,2141,1
2237,2141,1
2238,2142,1
2239,2142,1
2240,2143,1
2241,2143,1
2242,2144,1
2243,2144,1
2244,2145,1
2245,2145,1
2246,2146,1
2247,2146,1
2248,2147,1
2249,2147,1
2250,2148,1
2251,2148,1
2252,2149,1
2253,2149,1
2254,2150,1
2255,2150,1
2256,2151,1
2257,2151,1
2258,2152,1
2259,2152,1
2260,2153,1
2261,2153,1
2262,2154,1
2263,2154,1
2264,2155,1
2265,2155,1
2266,2156,1
2267,2156,1
2268,2157,1
2269,2157,1
2270,2158,1
2271,2158,1
2272,2159,1
2273,2159,1
2274,2160,1
2275,2160,1
2276,2161,1
2277,2161,1
2278,2162,1
2279,2162,1
2280,2163,1
2281,2163,1
2282,2164,1
2283,2164,1
2284,2165,1
2285,2165,1
2286,2166,1
2287,2166,1
2288,2167,1
2289,2167,1
2290,2168,1
2291,2168,1
2292,2169,1
2293,2169,1
2294,2170,1
2295,2170,1
2296,2171,1
2297,2171,1
2298,2172,1
2299,2172,1
2300,2173,1
2301,2173,1
2302,2174,1
2303,2174,1
2304,2175,1
2305,2175,1
2306,2176,1
2307,2176,1
2308,2177,1
2309,2177,1
2310,2178,1
2311,2178,1
2312,2179,1
2313,2179,1
2314,2180,1
2315,2180,1
2316,2181,1
2317,2181,1
2318,2182,1
2319,2182,1
2320,2183,1
2321,2183,1
2322,2184,1
2323,2184,1
2324,2185,1
2325,2185,1
2326,2186,1
2327,2186,1
2328,2187,1
2329,2187,1
2330,2188,1
2331,2188,1
2332,2189,1
2333,2189,1
2334,2190,1
2335,2190,1
2336,2191,1
2337,2191,1
2338,2192,1
2339,2192,1
2340,2193,1
2341,2193,1
2342,2194,1
2343,2194,1
2344,2195,1
2345,2195,1
2346,2196,1
2347,2196,1
2348,2197,1
2349,2197,1
2350,2198,1
2351,2198,1
2352,2199,1
2353,2199,1
2354,2200,1
2355,2200,1
2356,2201,1
2357,2201,1
2358,2202,1
2359,2202,1
2360,2203,1
2361,2203,1
2362,2204,1
2363,2204,1
2364,2205,1
2365,2205,1
2366,2206,1
2367,2206,1
2368,2207,1
2369,2207,1
2370,2208,1
2371,2208,1
2372,2209,1
2373,2209,1
2374,2210,1
2375,2210,1
2376,2211,1
2377,2211,1
2378,2212,1
2379,2212,1
2380,2213,1
2381,2213,1
2382,2214,1
2383,2214,1
2384,2215,1
2385,2215,1
2386,2216,1
2387,2216,1
2388,2217,1
2389,2217,1
2390,2218,1
2391,2218,1
2392,2219,1
2393,2219,1
2394,2220,1
2395,2220,1
2396,2221,1
2397,2221,1
2398,2222,1
2399,2222,1
2400,2223,1
2401,2223,1
2402,2224,1
2403,2224,1
2404,2225,1
2405,2225,1
2406,2226,1
2407,2226,1
2408,2227,1
2409,2227,1
2410,2228,1
2411,2228,1
2412,2229,1
2413,2229,1
2414,2230,1
2415,2230,1
2416,2231,1
2417,2231,1
2418,2232,1
2419,2232,1
2420,2233,1
2421,2233,1
2422,2234,1
2423,2234,1
2424,2235,1
2425,2235,1
2426,2236,1
2427,2236,1
2428,2237,1
2429,2237,1
2430,2238,1
2431,2238,1
2432,2239,1
2433,2239,1
2434,2240,1
2435,2240,1
2436,2241,1
2437,2241,1
2438,2242,1
2439,2242,1
2440,2243,1
2441,2243,1
2442,2244,1
2443,2244,1
2444,2245,1
2445,2245,1
2446,2246,1
2447,2246,1
2448,2247,1
2449,2247,1
2450,2248,1
2451,2248,1
2452,2249,1
2453,2249,1
2454,2250,1
2455,2250,1
2456,2251,1
2457,2251,1
2458,2252,1
2459,2252,1
2460,2253,1
2461,2253,1
2462,2254,1
2463,2254,1
2464,2255,1
2465,2255,1
2466,2256,1
2467,2256,1
2468,2257,1
2469,2257,1
2470,2258,1
2471,2258,1
2472,2259,1
2473,2259,1
2474,2260,1
2475,2260,1
2476,2261,1
2477,2261,1
2478,2262,1
2479,2262,1
2480,2263,1
2481,2263,1
2482,2264,1
2483,2264,1
2484,2265,1
2485,2265,1
2486,2266,1
2487,2266,1
2488,2267,1
2489,2267,1
2490,2268,1
2491,2268,1
2492,2269,1
2493,2269,1
2494,2270,1
2495,2270,1
2496,2271,1
2497,2271,1
2498,2272,1
2499,2272,1
2500,2273,1
2501,2273,1
2502,2274,1
2503,2274,1
2504,2275,1
2505,2275,1
2506,2276,1
2507,2276,1
2508,2277,1
2509,2277,1
2510,2278,1
2511,2278,1
2512,2279,1
2513,2279,1
2514,2280,1
2515,2280,1
2516,2281,1
2517,2281,1
2518,2282,1
2519,2282,1
2520,2283,1
2521,2283,1
2522,2284,1
2523,2284,1
2524,2285,1
2525,2285,1
2526,2286,1
2527,2286,1
2528,2287,1
2529,2287,1
2530,2288,1
2531,2288,1
2532,2289,1
2533,2289,1
2534,2290,1
2535,2290,1
2536,2291,1
2537,2291,1
2538,2292,1
2539,2292,1
2540,2293,1
2541,2293,1
2542,2294,1
2543,2294,1
2544,2295,1
2545,2295,1
2546,2296,1
2547,2296,1
2548,2297,1
2549,2297,1
2550,2298,1
2551,2298,1
2552,2299,1
2553,2299,1
2554,2300,1
2555,2300,1
2556,2301,1
2557,2301,1
2558,2302,1
2559,2302,1
2560,2303,1
2561,2303,1
2562,2304,1
2563,2304,1
2564,2305,1
2565,2305,1
2566,2306,1
2567,2306,1
2568,2307,1
2569,2307,1
2570,2308,1
2571,2308,1
2572,2309,1
2573,2309,1
2574,2310,1
2575,2310,1
2576,2311,1
2577,2311,1
2578,2312,1
2579,2312,1
2580,2313,1
2581,2313,1
2582,2314,1
2583,2314,1
2584,2315,1
2585,2315,1
2586,2316,1
2587,2316,1
2588,2317,1
2589,2317,1
2590,2318,1
2591,2318,1
2592,2319,1
2593,2319,1
2594,2320,1
2595,2320,1
2596,2321,1
2597,2321,1
2598,2322,1
2599,2322,1
2600,2323,1
2601,2323,1
2602,2324,1
2603,2324,1
2604,2325,1
2605,2325,1
2606,2326,1
2607,2326,1
2608,2327,1
2609,2327,1
2610,2328,1
2611,2328,1
2612,2329,1
2613,2329,1
2614,2330,1
2615,2330,1
2616,2331,1
2617,2331,1
2618,2332,1
2619,2332,1
2620,2333,1
2621,2333,1
2622,2334,1
2623,2334,1
2624,2335,1
2625,2335,1
2626,2336,1
2627,2336,1
2628,2337,1
2629,2337,1
2630,2338,1
2631,2338,1
2632,2339,1
2633,2339,1
2634,2340,1
2635,2340,1
2636,2341,1
2637,2341,1
2638,2342,1
2639,2342,1
2640,2343,1
2641,2343,1
2642,2344,1
2643,2344,1
2644,2345,1
2645,2345,1
2646,2346,1
2647,2346,1
2648,2347,1
2649,2347,1
2650,2348,1
2651,2348,1
2652,2349,1
2653,2349,1
2654,2350,1
2655,2350,1
2656,2351,1
2657,2351,1
2658,2352,1
2659,2352,1
2660,2353,1
2661,2353,1
2662,2354,1
2663,2354,1
2664,2355,1
2665,2355,1
2666,2356,1
2667,2356,1
2668,2357,1
2669,2357,1
2670,2358,1
2671,2358,1
2672,2359,1
2673,2359,1
2674,2360,1
2675,2360,1
2676,2361,1
2677,2361,1
2678,2362,1
2679,2362,1
2680,2363,1
2681,2363,1
2682,2364,1
2683,2364,1
2684,2365,1
2685,2365,1
2686,2366,1
2687,2366,1
2688,2367,1
2689,2367,1
2690,2368,1
2691,2368,1
2692,2369,1
2693,2369,1
2694,2370,1
2695,2370,1
2696,2371,1
2697,2371,1
2698,2372,1
2699,2372,1
2700,2373,1
2701,2373,1
2702,2374,1
2703,2374,1
2704,2375,1
2705,2375,1
2706,2376,1
2707,2376,1
2708,2377,1
2709,2377,1
2710,2378,1
2711,2378,1
2712,2379,1
2713,2379,1
2714,2380,1
2715,2380,1
2716,2381,1
2717,2381,1
2718,2382,1
2719,2382,1
2720,2383,1
2721,2383,1
2722,2384,1
2723,2384,1
2724,2385,1
2725,2385,1
2726,2386,1
2727,2386,1
2728,2387,1
2729,2387,1
2730,2388,1
2731,2388,1
2732,2389,1
2733,2389,1
2734,2390,1
2735,2390,1
2736,2391,1
2737,2391,1
2738,2392,1
2739,2392,1
2740,2393,1
2741,2393,1
2742,2394,1
2743,2394,1
2744,2395,1
2745,2395,1
2746,2396,1
2747,2396,1
2748,2397,1
2749,2397,1
2750,2398,1
2751,2398,1
2752,2399,1
2753,2399,1
2754,2400,1
2755,2400,1
2756,2401,1
2757,2401,1
2758,2402,1
2759,2402,1
2760,2403,1
2761,2403,1
2762,2404,1
2763,2404,1
2764,2405,1
2765,2405,1
2766,2406,1
2767,2406,1
2768,2407,1
2769,2407,1
2770,2408,1
2771,2408,1
2772,2409,1
2773,2409,1
2774,2410,1
2775,2410,1
2776,2411,1
2777,2411,1
2778,2412,1
2779,2412,1
2780,2413,1
2781,2413,1
2782,2414,1
2783,2414,1
2784,2415,1
2785,2415,1
2786,2416,1
2787,2416,1
2788,2417,1
2789,2417,1
2790,2418,1
2791,2418,1
2792,2419,1
2793,2419,1
2794,2420,1
2795,2420,1
2796,2421,1
2797,2421,1
2798,2422,1
2799,2422,1
2800,2423,1
2801,2423,1
2802,2424,1
2803,2424,1
2804,2425,1
2805,2425,1
2806,2426,1
2807,2426,1
2808,2427,1
2809,2427,1
2810,2428,1
2811,2428,1
2812,2429,1
2813,2429,1
2814,2430,1
2815,2430,1
2816,2431,1
2817,2431,1
2818,2432,1
2819,2432,1
2820,2433,1
2821,2433,1
2822,2434,1
2823,2434,1
2824,2435,1
2825,2435,1
2826,2436,1
2827,2436,1
2828,2437,1
2829,2437,1
2830,2438,1
2831,2438,1
2832,2439,1
2833,2439,1
2834,2440,1
2835,2440,1
2836,2441,1
2837,2441,1
2838,2442,1
2839,2442,1
2840,2443,1
2841,2443,1
2842,2444,1
2843,2444,1
2844,2445,1
2845,2445,1
2846,2446,1
2847,2446,1
2848,2447,1
2849,2447,1
2850,2448,1
2851,2448,1
2852,2449,1
2853,2449,1
2854,2450,1
2855,2450,1
2856,2451,1
2857,2451,1
2858,2452,1
2859,2452,1
2860,2453,1
2861,2453,1
2862,2454,1
2863,2454,1
2864,2455,1
2865,2455,1
2866,2456,1
2867,2456,1
2868,2457,1
2869,2457,1
2870,2458,1
2871,2458,1
2872,2459,1
2873,2459,1
2874,2460,1
2875,2460,1
2876,2461,1
2877,2461,1
2878,2462,1
2879,2462,1
2880,2463,1
2881,2463,1
2882,2464,1
2883,2464,1
2884,2465,1
2885,2465,1
2886,2466,1
2887,2466,1
2888,2467,1
2889,2467,1
2890,2468,1
2891,2468,1
2892,2469,1
2893,2469,1
2894,2470,1
2895,2470,1
2896,2471,1
2897,2471,1
2898,2472,1
2899,2472,1
2900,2473,1
2901,2473,1
2902,2474,1
2903,2474,1
2904,2475,1
2905,2475,1
2906,2476,1
2907,2476,1
2908,2477,1
2909,2477,1
2910,2478,1
2911,2478,1
2912,2479,1
2913,2479,1
2914,2480,1
2915,2480,1
2916,2481,1
2917,2481,1
2918,2482,1
2919,2482,1
2920,2483,1
2921,2483,1
2922,2484,1
2923,2484,1
2924,2485,1
2925,2485,1
2926,2486,1
2927,2486,1
2928,2487,1
2929,2487,1
2930,2488,1
2931,2488,1
2932,2489,1
2933,2489,1
2934,2490,1
2935,2490,1
2936,2491,1
2937,2491,1
2938,2492,1
2939,2492,1
2940,2493,1
2941,2493,1
2942,2494,1
2943,2494,1
2944,2495,1
2945,2495,1
2946,2496,1
2947,2496,1
2948,2497,1
2949,2497,1
2950,2498,1
2951,2498,1
2952,2499,1
2953,2499,1
2954,2500,1
2955,2500,1
2956,2501,1
2957,2501,1
2958,2502,1
2959,2502,1
2960,2503,1
2961,2503,1
2962,2504,1
2963,2504,1
2964,2505,1
2965,2505,1
2966,2506,1
2967,2506,1
2968,2507,1
2969,2507,1
2970,2508,1
2971,2508,1
2972,2509,1
2973,2509,1
2974,2510,1
2975,2510,1
2976,2511,1
2977,2511,1
2978,2512,1
2979,2512,1
2980,2513,1
2981,2513,1
2982,2514,1
2983,2514,1
2984,2515,1
2985,2515,1
2986,2516,1
2987,2516,1
2988,2517,1
2989,2517,1
2990,2518,1
2991,2518,1
2992,2519,1
2993,2519,1
2994,2520,1
2995,2520,1
2996,2521,1
2997,2521,1
2998,2522,1
2999,2522,1
3000,2523,1
3001,2523,1
3002,2524,1
3003,2524,1
3004,2525,1
3005,2525,1
3006,2526,1
3007,2526,1
3008,2527,1
3009,2527,1
3010,2528,1
3011,2528,1
3012,2529,1
3013,2529,1
3014,2530,1
3015,2530,1
3016,2531,1
3017,2531,1
3018,2532,1
3019,2532,1
3020,2533,1
3021,2533,1
3022,2534,1
3023,2534,1
3024,2535,1
3025,2535,1
3026,2536,1
3027,2536,1
3028,2537,1
3029,2537,1
3030,2538,1
3031,2538,1
3032,2539,1
3033,2539,1
3034,2540,1
3035,2540,1
3036,2541,1
3037,2541,1
3038,2542,1
3039,2542,1
3040,2543,1
3041,2543,1
3042,2544,1
3043,2544,1
3044,2545,1
3045,2545,1
3046,2546,1
3047,2546,1
3048,2547,1
3049,2547,1
3050,2548,1
3051,2548,1
3052,2549,1
3053,2549,1
3054,2550,1
3055,2550,1
3056,2551,1
3057,2551,1
3058,2552,1
3059,2552,1
3060,2553,1
3061,2553,1
3062,2554,1
3063,2554,1
3064,2555,1
3065,2555,1
3066,2556,1
3067,2556,1
3068,2557,1
3069,2557,1
3070,2558,1
3071,2558,1
3072,2559,1
3073,2559,1
3074,2560,1
3075,2560,1
3076,2561,1
3077,2561,1
3078,2562,1
3079,2562,1
3080,2563,1
3081,2563,1
3082,2564,1
3083,2564,1
3084,2565,1
3085,2565,1
3086,2566,1
3087,2566,1
3088,2567,1
3089,2567,1
3090,2568,1
3091,2568,1
3092,2569,1
3093,2569,1
3094,2570,1
3095,2570,1
3096,2571,1
3097,2571,1
3098,2572,1
3099,2572,1
3100,2573,1
3101,2573,1
3102,2574,1
3103,2574,1
3104,2575,1
3105,2575,1
3106,2576,1
3107,2576,1
3108,2577,1
3109,2577,1
3110,2578,1
3111,2578,1
3112,2579,1
3113,2579,1
3114,2580,1
3115,2580,1
3116,2581,1
3117,2581,1
3118,2582,1
3119,2582,1
3120,2583,1
3121,2583,1
3122,2584,1
3123,2584,1
3124,2585,1
3125,2585,1
3126,2586,1
3127,2586,1
3128,2587,1
3129,2587,1
3130,2588,1
3131,2588,1
3132,2589,1
3133,2589,1
3134,2590,1
3135,2590,1
3136,2591,1
3137,2591,1
3138,2592,1
3139,2592,1
3140,2593,1
3141,2593,1
3142,2594,1
3143,2594,1
3144,2595,1
3145,2595,1
3146,2596,1
3147,2596,1
3148,2597,1
3149,2597,1
3150,2598,1
3151,2598,1
3152,2599,1
3153,2599,1
3154,2600,1
3155,2600,1
3156,2601,1
3157,2601,1
3158,2602,1
3159,2602,1
3160,2603,1
3161,2603,1
3162,2604,1
3163,2604,1
3164,2605,1
3165,2605,1
3166,2606,1
3167,2606,1
3168,2607,1
3169,2607,1
3170,2608,1
3171,2608,1
3172,2609,1
3173,2609,1
3174,2610,1
3175,2610,1
3176,2611,1
3177,2611,1
3178,2612,1
3179,2612,1
3180,2613,1
3181,2613,1
3182,2614,1
3183,2614,1
3184,2615,1
3185,2615,1
3186,2616,1
3187,2616,1
3188,2617,1
3189,2617,1
3190,2618,1
3191,2618,1
3192,2619,1
3193,2619,1
3194,2620,1
3195,2620,1
3196,2621,1
3197,2621,1
3198,2622,1
3199,2622,1
3200,2623,1
3201,2623,1
3202,2624,1
3203,2624,1
3204,2625,1
3205,2625,1
3206,2626,1
3207,2626,1
3208,2627,1
3209,2627,1
3210,2628,1
3211,2628,1
3212,2629,1
3213,2629,1
3214,2630,1
3215,2630,1
3216,2631,1
3217,2631,1
3218,2632,1
3219,2632,1
3220,2633,1
3221,2633,1
3222,2634,1
3223,2634,1
3224,2635,1
3225,2635,1
3226,2636,1
3227,2636,1
3228,2637,1
3229,2637,1
3230,2638,1
3231,2638,1
3232,2639,1
3233,2639,1
3234,2640,1
3235,2640,1
3236,2641,1
3237,2641,1
3238,2642,1
3239,2642,1
3240,2643,1
3241,2643,1
3242,2644,1
3243,2644,1
3244,2645,1
3245,2645,1
3246,2646,1
3247,2646,1
3248,2647,1
3249,2647,1
3250,2648,1
3251,2648,1
3252,2649,1
3253,2649,1
3254,2650,1
3255,2650,1
3256,2651,1
3257,2651,1
3258,2652,1
3259,2652,1
3260,2653,1
3261,2653,1
3262,2654,1
3263,2654,1
3264,2655,1
3265,2655,1
3266,2656,1
3267,2656,1
3268,2657,1
3269,2657,1
3270,2658,1
3271,2658,1
3272,2659,1
3273,2659,1
3274,2660,1
3275,2660,1
3276,2661,1
3277,2661,1
3278,2662,1
3279,2662,1
3280,2663,1
3281,2663,1
3282,2664,1
3283,2664,1
3284,2665,1
3285,2665,1
3286,2666,1
3287,2666,1
3288,2667,1
3289,2667,1
3290,2668,1
3291,2668,1
3292,2669,1
3293,2669,1
3294,2670,1
3295,2670,1
3296,2671,1
3297,2671,1
3298,2672,1
3299,2672,1
3300,2673,1
3301,2673,1
3302,2674,1
3303,2674,1
3304,2675,1
3305,2675,1
3306,2676,1
3307,2676,1
3308,2677,1
3309,2677,1
3310,2678,1
3311,2678,1
3312,2679,1
3313,2679,1
3314,2680,1
3315,2680,1
3316,2681,1
3317,2681,1
3318,2682,1
3319,2682,1
3320,2683,1
3321,2683,1
3322,2684,1
3323,2684,1
3324,2685,1
3325,2685,1
3326,2686,1
3327,2686,1
3328,2687,1
3329,2687,1
3330,2688,1
3331,2688,1
3332,2689,1
3333,2689,1
3334,2690,1
3335,2690,1
3336,2691,1
3337,2691,1
3338,2692,1
3339,2692,1
3340,2693,1
3341,2693,1
3342,2694,1
3343,2694,1
3344,2695,1
3345,2695,1
3346,2696,1
3347,2696,1
3348,2697,1
3349,2697,1
3350,2698,1
3351,2698,1
3352,2699,1
3353,2699,1
3354,2700,1
3355,2700,1
3356,2701,1
3357,2701,1
3358,2702,1
3359,2702,1
3360,2703,1
3361,2703,1
3362,2704,1
3363,2704,1
3364,2705,1
3365,2705,1
3366,2706,1
3367,2706,1
3368,2707,1
3369,2707,1
3370,2708,1
3371,2708,1
3372,2709,1
3373,2709,1
3374,2710,1
3375,2710,1
3376,2711,1
3377,2711,1
3378,2712,1
3379,2712,1
3380,2713,1
3381,2713,1
3382,2714,1
3383,2714,1
3384,2715,1
3385,2715,1
3386,2716,1
3387,2716,1
3388,2717,1
3389,2717,1
3390,2718,1
3391,2718,1
3392,2719,1
3393,2719,1
3394,2720,1
3395,2720,1
3396,2721,1
3397,2721,1
3398,2722,1
3399,2722,1
3400,2723,1
3401,2723,1
3402,2724,1
3403,2724,1
3404,2725,1
3405,2725,1
3406,2726,1
3407,2726,1
3408,2727,1
3409,2727,1
3410,2728,1
3411,2728,1
3412,2729,1
3413,2729,1
3414,2730,1
3415,2730,1
3416,2731,1
3417,2731,1
3418,2732,1
3419,2732,1
3420,2733,1
3421,2733,1
3422,2734,1
3423,2734,1
3424,2735,1
3425,2735,1
3426,2736,1
3427,2736,1
3428,2737,1
3429,2737,1
3430,2738,1
3431,2738,1
3432,2739,1
3433,2739,1
3434,2740,1
3435,2740,1
3436,2741,1
3437,2741,1
3438,2742,1
3439,2742,1
3440,2743,1
3441,2743,1
3442,2744,1
3443,2744,1
3444,2745,1
3445,2745,1
3446,2746,1
3447,2746,1
3448,2747,1
3449,2747,1
3450,2748,1
3451,2748,1
3452,2749,1
3453,2749,1
3454,2750,1
3455,2750,1
3456,2751,1
3457,2751,1
3458,2752,1
3459,2752,1
3460,2753,1
3461,2753,1
3462,2754,1
3463,2754,1
3464,2755,1
3465,2755,1
3466,2756,1
3467,2756,1
3468,2757,1
3469,2757,1
3470,2758,1
3471,2758,1
3472,2759,1
3473,2759,1
3474,2760,1
3475,2760,1
3476,2761,1
3477,2761,1
3478,2762,1
3479,2762,1
3480,2763,1
3481,2763,1
3482,2764,1
3483,2764,1
3484,2765,1
3485,2765,1
3486,2766,1
3487,2766,1
3488,2767,1
3489,2767,1
3490,2768,1
3491,2768,1
3492,2769,1
3493,2769,1
3494,2770,1
3495,2770,1
3496,2771,1
3497,2771,1
3498,2772,1
3499,2772,1
3500,2773,1
3501,2773,1
3502,2774,1
3503,2774,1
3504,2775,1
3505,2775,1
3506,2776,1
3507,2776,1
3508,2777,1
3509,2777,1
3510,2778,1
3511,2778,1
3512,2779,1
3513,2779,1
3514,2780,1
3515,2780,1
3516,2781,1
3517,2781,1
3518,2782,1
3519,2782,1
3520,2783,1
3521,2783,1
3522,2784,1
3523,2784,1
3524,2785,1
3525,2785,1
3526,2786,1
3527,2786,1
3528,2787,1
3529,2787,1
3530,2788,1
3531,2788,1
3532,2789,1
3533,2789,1
3534,2790,1
3535,2790,1
3536,2791,1
3537,2791,1
3538,2792,1
3539,2792,1
3540,2793,1
3541,2793,1
3542,2794,1
3543,2794,1
3544,2795,1
3545,2795,1
3546,2796,1
3547,2796,1
3548,2797,1
3549,2797,1
3550,2798,1
3551,2798,1
3552,2799,1
3553,2799,1
3554,2800,1
3555,2800,1
3556,2801,1
3557,2801,1
3558,2802,1
3559,2802,1
3560,2803,1
3561,2803,1
3562,2804,1
3563,2804,1
3564,2805,1
3565,2805,1
3566,2806,1
3567,2806,1
3568,2807,1
3569,2807,1
3570,2808,1
3571,2808,1
3572,2809,1
3573,2809,1
3574,2810,1
3575,2810,1
3576,2811,1
3577,2811,1
3578,2812,1
3579,2812,1
3580,2813,1
3581,2813,1
3582,2814,1
3583,2814,1
3584,2815,1
3585,2815,1
3586,2816,1
3587,2816,1
3588,2817,1
3589,2817,1
3590,2818,1
3591,2818,1
3592,2819,1
3593,2819,1
3594,2820,1
3595,2820,1
3596,2821,1
3597,2821,1
3598,2822,1
3599,2822,1
3600,2823,1
3601,2823,1
3602,2824,1
3603,2824,1
3604,2825,1
3605,2825,1
3606,2826,1
3607,2826,1
3608,2827,1
3609,2827,1
3610,2828,1
3611,2828,1
3612,2829,1
3613,2829,1
3614,2830,1
3615,2830,1
3616,2831,1
3617,2831,1
3618,2832,1
3619,2832,1
3620,2833,1
3621,2833,1
3622,2834,1
3623,2834,1
3624,2835,1
3625,2835,1
3626,2836,1
3627,2836,1
3628,2837,1
3629,2837,1
3630,2838,1
3631,2838,1
3632,2839,1
3633,2839,1
3634,2840,1
3635,2840,1
3636,2841,1
3637,2841,1
3638,2842,1
3639,2842,1
3640,2843,1
3641,2843,1
3642,2844,1
3643,2844,1
3644,2845,1
3645,2845,1
3646,2846,1
3647,2846,1
3648,2847,1
3649,2847,1
3650,2848,1
3651,2848,1
3652,2849,1
3653,2849,1
3654,2850,1
3655,2850,1
3656,2851,1
3657,2851,1
3658,2852,1
3659,2852,1
3660,2853,1
3661,2853,1
3662,2854,1
3663,2854,1
3664,2855,1
3665,2855,1
3666,2856,1
3667,2856,1
3668,2857,1
3669,2857,1
3670,2858,1
3671,2858,1
3672,2859,1
3673,2859,1
3674,2860,1
3675,2860,1
3676,2861,1
3677,2861,1
3678,2862,1
3679,2862,1
3680,2863,1
3681,2863,1
3682,2864,1
3683,2864,1
3684,2865,1
3685,2865,1
3686,2866,1
3687,2866,1
3688,2867,1
3689,2867,1
3690,2868,1
3691,2868,1
3692,2869,1
3693,2869,1
3694,2870,1
3695,2870,1
3696,2871,1
3697,2871,1
3698,2872,1
3699,2872,1
3700,2873,1
3701,2873,1
3702,2874,1
3703,2874,1
3704,2875,1
3705,2875,1
3706,2876,1
3707,2876,1
3708,2877,1
3709,2877,1
3710,2878,1
3711,2878,1
3712,2879,1
3713,2879,1
3714,2880,1
3715,2880,1
3716,2881,1
3717,2881,1
3718,2882,1
3719,2882,1
3720,2883,1
3721,2883,1
3722,2884,1
3723,2884,1
3724,2885,1
3725,2885,1
3726,2886,1
3727,2886,1
3728,2887,1
3729,2887,1
3730,2888,1
3731,2888,1
3732,2889,1
3733,2889,1
3734,2890,1
3735,2890,1
3736,2891,1
3737,2891,1
3738,2892,1
3739,2892,1
3740,2893,1
3741,2893,1
3742,2894,1
3743,2894,1
3744,2895,1
3745,2895,1
3746,2896,1
3747,2896,1
3748,2897,1
3749,2897,1
3750,2898,1
3751,2898,1
3752,2899,1
3753,2899,1
3754,2900,1
3755,2900,1
3756,2901,1
3757,2901,1
3758,2902,1
3759,2902,1
3760,2903,1
3761,2903,1
3762,2904,1
3763,2904,1
3764,2905,1
3765,2905,1
3766,2906,1
3767,2906,1
3768,2907,1
3769,2907,1
3770,2908,1
3771,2908,1
3772,2909,1
3773,2909,1
3774,2910,1
3775,2910,1
3776,2911,1
3777,2911,1
3778,2912,1
3779,2912,1
3780,2913,1
3781,2913,1
3782,2914,1
3783,2914,1
3784,2915,1
3785,2915,1
3786,2916,1
3787,2916,1
3788,2917,1
3789,2917,1
3790,2918,1
3791,2918,1
3792,2919,1
3793,2919,1
3794,2920,1
3795,2920,1
3796,2921,1
3797,2921,1
3798,2922,1
3799,2922,1
3800,2923,1
3801,2923,1
3802,2924,1
3803,2924,1
3804,2925,1
3805,2925,1
3806,2926,1
3807,2926,1
3808,2927,1
3809,2927,1
3810,2928,1
3811,2928,1
3812,2929,1
3813,2929,1
3814,2930,1
3815,2930,1
3816,2931,1
3817,2931,1
3818,2932,1
3819,2932,1
3820,2933,1
3821,2933,1
3822,2934,1
3823,2934,1
3824,2935,1
3825,2935,1
3826,2936,1
3827,2936,1
3828,2937,1
3829,2937,1
3830,2938,1
3831,2938,1
3832,2939,1
3833,2939,1
3834,2940,1
3835,2940,1
3836,2941,1
3837,2941,1
3838,2942,1
3839,2942,1
3840,2943,1
3841,2943,1
3842,2944,1
3843,2944,1
3844,2945,1
3845,2945,1
3846,2946,1
3847,2946,1
3848,2947,1
3849,2947,1
3850,2948,1
3851,2948,1
3852,2949,1
3853,2949,1
3854,2950,1
3855,2950,1
3856,2951,1
3857,2951,1
3858,2952,1
3859,2952,1
3860,2953,1
3861,2953,1
3862,2954,1
3863,2954,1
3864,2955,1
3865,2955,1
3866,2956,1
3867,2956,1
3868,2957,1
3869,2957,1
3870,2958,1
3871,2958,1
3872,2959,1
3873,2959,1
3874,2960,1
3875,2960,1
3876,2961,1
3877,2961,1
3878,2962,1
3879,2962,1
3880,2963,1
3881,2963,1
3882,2964,1
3883,2964,1
3884,2965,1
3885,2965,1
3886,2966,1
3887,2966,1
3888,2967,1
3889,2967,1
3890,2968,1
3891,2968,1
3892,2969,1
3893,2969,1
3894,2970,1
3895,2970,1
3896,2971,1
3897,2971,1
3898,2972,1
3899,2972,1
3900,2973,1
3901,2973,1
3902,2974,1
3903,2974,1
3904,2975,1
3905,2975,1
3906,2976,1
3907,2976,1
3908,2977,1
3909,2977,1
3910,2978,1
3911,2978,1
3912,2979,1
3913,2979,1
3914,2980,1
3915,2980,1
3916,2981,1
3917,2981,1
3918,2982,1
3919,2982,1
3920,2983,1
3921,2983,1
3922,2984,1
3923,2984,1
3924,2985,1
3925,2985,1
3926,2986,1
3927,2986,1
3928,2987,1
3929,2987,1
3930,2988,1
3931,2988,1
3932,2989,1
3933,2989,1
3934,2990,1
3935,2990,1
3936,2991,1
3937,2991,1
3938,2992,1
3939,2992,1
3940,2993,1
3941,2993,1
3942,2994,1
3943,2994,1
3944,2995,1
3945,2995,1
3946,2996,1
3947,2996,1
3948,2997,1
3949,2997,1
3950,2998,1
3951,2998,1
3952,2999,1
3953,2999,1
3954,3000,1
3955,3000,1
3956,3001,1
3957,3001,1
3958,3002,1
3959,3002,1
3960,3003,1
3961,3003,1
3962,3004,1
3963,3004,1
3964,3005,1
3965,3005,1
3966,3006,1
3967,3006,1
3968,3007,1
3969,3007,1
3970,3008,1
3971,3008,1
3972,3009,1
3973,3009,1
3974,3010,1
3975,3010,1
3976,3011,1
3977,3011,1
3978,3012,1
3979,3012,1
3980,3013,1
3981,3013,1
3982,3014,1
3983,3014,1
3984,3015,1
3985,3015,1
3986,3016,1
3987,3016,1
3988,3017,1
3989,3017,1
3990,3018,1
3991,3018,1
3992,3019,1
3993,3019,1
3994,3020,1
3995,3020,1
3996,3021,1
3997,3021,1
3998,3022,1
3999,3022,1
4000,3023,1
4001,3023,1
4002,3024,1
4003,3024,1
4004,3025,1
4005,3025,1
4006,3026,1
4007,3026,1
4008,3027,1
4009,3027,1
4010,3028,1
4011,3028,1
4012,3029,1
4013,3029,1
4014,3030,1
4015,3030,1
4016,3031,1
4017,3031,1
4018,3032,1
4019,3032,1
4020,3033,1
4021,3033,1
4022,3034,1
4023,3034,1
4024,3035,1
4025,3035,1
4026,3036,1
4027,3036,1
4028,3037,1
4029,3037,1
4030,3038,1
4031,3038,1
4032,3039,1
4033,3039,1
4034,3040,1
4035,3040,1
4036,3041,1
4037,3041,1
4038,3042,1
4039,3042,1
4040,3043,1
4041,3043,1
4042,3044,1
4043,3044,1
4044,3045,1
4045,3045,1
4046,3046,1
4047,3046,1
4048,3047,1
4049,3047,1
4050,3048,1
4051,3048,1
4052,3049,1
4053,3049,1
4054,3050,1
4055,3050,1
4056,3051,1
4057,3051,1
4058,3052,1
4059,3052,1
4060,3053,1
4061,3053,1
4062,3054,1
4063,3054,1
4064,3055,1
4065,3055,1
4066,3056,1
4067,3056,1
4068,3057,1
4069,3057,1
4070,3058,1
4071,3058,1
4072,3059,1
4073,3059,1
4074,3060,1
4075,3060,1
4076,3061,1
4077,3061,1
4078,3062,1
4079,3062,1
4080,3063,1
4081,3063,1
4082,3064,1
4083,3064,1
4084,3065,1
4085,3065,1
4086,3066,1
4087,3066,1
4088,3067,1
4089,3067,1
4090,3068,1
4091,3068,1
4092,3069,1
4093,3069,1
